 1.75664E-10 3.64344E-17 1.37068E-02 5.29192E-14 1.13575E-11 1.16050E-09 1.46395E-08 7.00737E-21
 5.50000E-07 1.60000E-06 9.00000E-08 9.35332E-10 6.79919E-12 3.00000E-07 3.27813E-12 9.62836E-12
 1.87353E-14 6.54148E-11 1.47767E-13 5.92547E-15 3.40783E-15 2.10000E-01 2.52320E-12 4.47787E-18
 4.76208E-20 3.13143E-11 1.98576E-12 7.92074E-14 3.00000E-04 1.83066E-10 5.05081E-17 8.90558E-03
 6.33547E-14 1.15077E-11 1.21232E-09 1.73733E-08 7.87839E-21 5.50300E-07 1.59567E-06 8.18196E-08
 9.33864E-10 6.49820E-12 2.99957E-07 4.16158E-12 1.10905E-11 2.53711E-14 9.99801E-11 3.73711E-13
 6.45131E-15 6.56774E-15 2.10005E-01 2.59486E-12 5.15766E-18 7.27020E-20 5.49697E-11 3.97233E-12
 9.83897E-14 3.00316E-04 1.81511E-10 7.20991E-17 5.65232E-03 7.55812E-14 1.14750E-11 1.20861E-09
 2.12246E-08 8.86668E-21 5.50665E-07 1.59198E-06 7.47125E-08 8.69485E-10 6.03282E-12 2.99910E-07
 5.27853E-12 1.29305E-11 3.40892E-14 1.44432E-10 9.78824E-13 7.44495E-15 1.38837E-14 2.10009E-01
 2.70774E-12 5.89679E-18 1.09535E-19 7.63190E-11 6.25038E-12 1.14196E-13 3.00624E-04 1.71765E-10
 1.03032E-16 3.35188E-03 8.74600E-14 1.10328E-11 1.11104E-09 2.59668E-08 9.74455E-21 5.51051E-07
 1.58889E-06 6.85874E-08 7.32772E-10 5.22891E-12 2.99859E-07 6.90768E-12 1.53634E-11 4.56660E-14
 1.89429E-10 2.62024E-12 8.59812E-15 3.11188E-14 2.10013E-01 2.89710E-12 6.64981E-18 1.64827E-19
 9.64117E-11 8.52678E-12 1.33323E-13 3.00922E-04 1.55556E-10 1.44930E-16 1.89723E-03 9.93714E-14
 1.02524E-11 9.51785E-10 3.12588E-08 1.05837E-20 5.51420E-07 1.58636E-06 6.33455E-08 5.67682E-10
 4.27711E-12 2.99801E-07 9.14460E-12 1.80951E-11 6.05333E-14 2.29053E-10 6.98764E-12 9.56991E-15
 6.48951E-14 2.10017E-01 3.18646E-12 7.57971E-18 2.52643E-19 1.16045E-10 1.06782E-11 1.57255E-13
 3.01204E-04 1.33492E-10 1.99121E-16 1.04276E-03 1.09746E-13 9.20533E-12 7.69247E-10 3.67123E-08
 1.12565E-20 5.51748E-07 1.58431E-06 5.89131E-08 4.13788E-10 3.36879E-12 2.99738E-07 1.16044E-11
 1.99300E-11 7.44852E-14 2.57757E-10 1.71555E-11 9.95573E-15 1.09026E-13 2.10021E-01 3.61504E-12
 8.73917E-18 3.92077E-19 1.35743E-10 1.24638E-11 1.87747E-13 3.01464E-04 1.06613E-10 2.67027E-16
 5.55202E-04 1.13224E-13 7.95849E-12 5.93385E-10 4.20387E-08 1.12996E-20 5.52019E-07 1.58268E-06
 5.52322E-08 2.90797E-10 2.59332E-12 2.99667E-07 1.32361E-11 1.92197E-11 7.67591E-14 2.72645E-10
 3.42328E-11 9.46451E-15 1.37671E-13 2.10025E-01 4.22489E-12 9.81709E-18 5.90611E-19 1.55317E-10
 1.34431E-11 2.26353E-13 3.01695E-04 8.06865E-11 3.51906E-16 2.85599E-04 1.10493E-13 6.66299E-12
 4.41050E-10 4.72002E-08 1.08528E-20 5.52232E-07 1.58136E-06 5.22087E-08 1.98518E-10 1.94109E-12
 2.99588E-07 1.42372E-11 1.70867E-11 7.03542E-14 2.77912E-10 5.29580E-11 8.58039E-15 1.43471E-13
 2.10027E-01 4.93794E-12 1.05422E-17 8.48561E-19 1.72522E-10 1.35053E-11 2.68266E-13 3.01889E-04
 6.11779E-11 4.59305E-16 1.41515E-04 1.10204E-13 5.45391E-12 3.18808E-10 5.22949E-08 1.07600E-20
 5.52388E-07 1.58023E-06 4.97271E-08 1.30703E-10 1.38337E-12 2.99499E-07 1.65986E-11 1.61707E-11
 7.10826E-14 2.80894E-10 6.52516E-11 8.07231E-15 1.44059E-13 2.10029E-01 5.46077E-12 1.10235E-17
 1.19064E-18 1.82527E-10 1.30230E-11 2.97312E-13 3.02034E-04 4.77418E-11 5.98882E-16 6.73967E-05
 1.17544E-13 4.36824E-12 2.24778E-10 5.76368E-08 1.14929E-20 5.52497E-07 1.57917E-06 4.76022E-08
 8.24042E-11 9.31892E-13 2.99394E-07 2.19455E-11 1.71523E-11 8.65709E-14 2.86280E-10 6.73915E-11
 8.20370E-15 1.50283E-13 2.10031E-01 5.29571E-12 1.08336E-17 1.58515E-18 1.78668E-10 1.21151E-11
 2.87235E-13 3.02122E-04 3.60047E-11 8.03271E-16 3.07016E-05 1.26097E-13 3.27828E-12 1.42601E-10
 6.50959E-08 1.23200E-20 5.52581E-07 1.57776E-06 4.52713E-08 4.53525E-11 5.79738E-13 2.99225E-07
 3.04327E-11 1.92036E-11 1.10797E-13 2.98782E-10 6.04097E-11 8.67967E-15 1.63223E-13 2.10031E-01
 2.83120E-12 5.80438E-18 1.28279E-18 1.40595E-10 9.79063E-12 1.72343E-13 3.02125E-04 2.40129E-11
 1.17044E-15 1.21824E-05 1.20872E-13 1.89608E-12 6.66764E-11 7.94992E-08 1.16147E-20 5.52625E-07
 1.57505E-06 4.20398E-08 1.76298E-11 2.73779E-13 2.98844E-07 4.81225E-11 2.54581E-11 1.43791E-13
 3.35805E-10 4.77171E-11 8.72061E-15 1.92565E-13 2.10031E-01 1.22911E-12 2.13223E-18 7.27286E-19
 1.00395E-10 6.28061E-12 7.88025E-14 3.02131E-04 1.67546E-11 2.20364E-15 9.82554E-06 1.01608E-13
 1.13921E-12 2.21512E-11 1.09124E-07 1.01393E-20 5.52513E-07 1.56932E-06 3.77827E-08 5.36637E-12
 1.63514E-13 2.97945E-07 6.63737E-11 3.86387E-11 1.29441E-13 4.25997E-10 3.96831E-11 7.96066E-15
 2.31946E-13 2.10030E-01 4.34415E-13 5.00163E-19 2.17911E-19 6.44720E-11 2.86896E-12 2.96064E-14
 3.02139E-04 1.27949E-11 4.63918E-15 9.84817E-06 9.10214E-14 7.68607E-13 6.16098E-12 1.67104E-07
 9.14762E-21 5.52002E-07 1.55796E-06 3.25728E-08 1.60242E-12 1.08982E-13 2.96032E-07 8.91072E-11
 6.58227E-11 1.20084E-13 6.16923E-10 3.93058E-11 9.59466E-15 3.97557E-13 2.10030E-01 1.23512E-13
 9.01676E-20 5.59540E-20 3.66645E-11 1.15535E-12 8.75959E-15 3.02153E-04 1.12138E-11 1.00900E-14
 9.88631E-06 9.35209E-14 6.45786E-13 2.36729E-12 2.64426E-07 9.21126E-21 5.50788E-07 1.53896E-06
 2.70587E-08 7.08336E-13 8.56833E-14 2.92671E-07 1.16686E-10 1.14867E-10 1.24130E-13 9.52095E-10
 4.68601E-11 1.49001E-14 8.94497E-13 2.10029E-01 2.88135E-14 1.44957E-20 1.39872E-20 1.86726E-11
 4.77689E-13 2.01178E-15 3.02173E-04 1.06912E-11 2.12295E-14 9.94073E-06 1.04728E-13 6.47047E-13
 1.66146E-12 4.04835E-07 1.00143E-20 5.48649E-07 1.51204E-06 2.20502E-08 4.89896E-13 7.54912E-14
 2.87723E-07 1.48520E-10 1.89714E-10 1.35391E-13 1.44258E-09 6.11239E-11 2.49083E-14 2.04929E-12
 2.10027E-01 5.85124E-15 2.23445E-21 4.09929E-21 8.85923E-12 2.03213E-13 3.76829E-16 3.02198E-04
 1.06961E-11 4.26819E-14 1.00115E-05 1.23530E-13 7.32261E-13 1.70250E-12 5.92230E-07 1.15139E-20
 5.45407E-07 1.47721E-06 1.78743E-08 4.37314E-13 7.18586E-14 2.81113E-07 1.83999E-10 2.92207E-10
 1.50813E-13 2.08959E-09 8.21010E-11 4.10831E-14 4.31675E-12 2.10026E-01 1.06406E-15 3.35260E-22
 2.19040E-21 3.99444E-12 8.68186E-14 5.98055E-17 3.02228E-04 1.10884E-11 8.18095E-14 1.00963E-05
 1.51799E-13 9.01999E-13 2.12339E-12 8.25791E-07 1.40357E-20 5.41033E-07 1.43574E-06 1.46473E-08
 4.54685E-13 7.29803E-14 2.73020E-07 2.21992E-10 4.18372E-10 1.69806E-13 2.86879E-09 1.09340E-10
 6.43663E-14 8.02052E-12 2.10024E-01 1.79188E-16 5.05138E-23 2.09289E-21 1.75384E-12 3.75814E-14
 8.49654E-18 3.02262E-04 1.18114E-11 1.50755E-13 1.01927E-05 1.92948E-13 1.17733E-12 2.98414E-12
 1.10656E-06 1.81374E-20 5.35547E-07 1.38883E-06 1.22624E-08 5.24281E-13 7.81983E-14 2.63636E-07
 2.61639E-10 5.62819E-10 1.92515E-13 3.75531E-09 1.42206E-10 9.54160E-14 1.32184E-11 2.10021E-01
 2.83254E-17 7.66059E-24 2.27030E-21 7.58077E-13 1.65291E-14 1.11850E-18 3.02298E-04 1.28597E-11
 2.68819E-13 1.02972E-05 2.52695E-13 1.60106E-12 4.55185E-12 1.43389E-06 2.48299E-20 5.29068E-07
 1.33818E-06 1.05679E-08 6.52055E-13 8.76803E-14 2.53272E-07 3.02298E-10 7.18157E-10 2.19745E-13
 4.71431E-09 1.79220E-10 1.34229E-13 1.95451E-11 2.10018E-01 4.25443E-18 1.17446E-24 2.37837E-21
 3.25878E-13 7.43491E-15 1.40518E-19 3.02336E-04 1.42616E-11 4.66106E-13 1.04060E-05 3.40122E-13
 2.24417E-12 7.41892E-12 1.80510E-06 3.59172E-20 5.21801E-07 1.28569E-06 9.41052E-09 8.63675E-13
 1.02178E-13 2.42310E-07 3.43709E-10 8.76403E-10 2.52916E-13 5.70588E-09 2.18394E-10 1.80191E-13
 2.62932E-11 2.10015E-01 6.14520E-19 1.83190E-25 2.37434E-21 1.40982E-13 3.45786E-15 1.72632E-20
 3.02374E-04 1.66472E-11 8.07260E-13 1.05175E-05 4.77310E-13 3.39615E-12 1.35013E-11 2.22357E-06
 5.65258E-20 5.13826E-07 1.23211E-06 8.64428E-09 1.30095E-12 1.32350E-13 2.30901E-07 3.76554E-10
 1.03109E-09 2.86975E-13 6.71734E-09 2.64431E-10 2.43513E-13 3.37954E-11 2.10012E-01 8.39638E-20
 2.87161E-26 2.17311E-21 6.13296E-14 1.68156E-15 2.05514E-21 3.02412E-04 1.95814E-11 1.37775E-12
 1.06308E-05 6.81670E-13 5.20489E-12 2.50180E-11 2.69556E-06 9.25100E-20 5.05188E-07 1.17791E-06
 8.14249E-09 1.99569E-12 1.74780E-13 2.19148E-07 4.10171E-10 1.18932E-09 3.28611E-13 7.72324E-09
 3.11313E-10 3.21458E-13 4.13241E-11 2.10008E-01 1.07421E-20 4.36314E-27 1.89907E-21 2.67632E-14
 9.02627E-16 2.33433E-22 3.02450E-04 2.30547E-11 2.32297E-12 1.07449E-05 9.85847E-13 7.99257E-12
 4.59992E-11 3.22629E-06 1.56085E-19 4.95940E-07 1.12357E-06 7.81460E-09 3.03339E-12 2.32059E-13
 2.07155E-07 4.47789E-10 1.35832E-09 3.81390E-13 8.70020E-09 3.56421E-10 4.16233E-13 4.86786E-11
 2.10005E-01 1.27719E-21 6.32874E-28 1.59961E-21 1.17108E-14 6.80792E-16 2.50472E-23 3.02487E-04
 2.70181E-11 3.87943E-12 1.08596E-05 1.43642E-12 1.21898E-11 8.24361E-11 3.82232E-06 2.70028E-19
 4.86085E-07 1.06921E-06 7.59612E-09 4.48501E-12 3.06142E-13 1.94954E-07 4.93272E-10 1.54936E-09
 4.49681E-13 9.62756E-09 3.97728E-10 5.30976E-13 5.58701E-11 2.10001E-01 1.39650E-22 8.61049E-29
 1.30581E-21 5.12735E-15 9.69501E-16 2.50296E-24 3.02524E-04 3.14010E-11 6.43173E-12 1.09749E-05
 2.10027E-12 1.83447E-11 1.42102E-10 4.48896E-06 4.78900E-19 4.75594E-07 1.01475E-06 7.44361E-09
 6.36748E-12 3.97921E-13 1.82540E-07 5.51401E-10 1.77737E-09 5.39605E-13 1.04830E-08 4.33710E-10
 6.69891E-13 6.29990E-11 2.09997E-01 1.38845E-23 1.08239E-29 1.03611E-21 2.24149E-15 1.92055E-15
 2.29804E-25 3.02560E-04 3.60935E-11 1.05979E-11 1.10915E-05 3.07320E-12 2.70869E-11 2.33165E-10
 5.22767E-06 8.74269E-19 4.64415E-07 9.59951E-07 7.32772E-09 8.59151E-12 5.05940E-13 1.69883E-07
 6.28729E-10 2.06092E-09 6.60748E-13 1.12407E-08 4.62876E-10 8.37224E-13 7.00564E-11 2.09993E-01
 1.23871E-24 1.25189E-30 8.00342E-22 9.76302E-16 3.18491E-15 1.93104E-26 3.02596E-04 4.09603E-11
 1.73414E-11 1.12088E-05 4.49216E-12 3.90341E-11 3.60478E-10 6.02445E-06 1.65486E-18 4.52594E-07
 9.05053E-07 7.22901E-09 1.09255E-11 6.26198E-13 1.57074E-07 7.34203E-10 2.41923E-09 8.27507E-13
 1.18628E-08 4.82626E-10 1.03456E-12 7.65606E-11 2.09988E-01 9.86909E-26 1.47663E-31 6.07687E-22
 4.27105E-16 3.73310E-15 1.64278E-27 3.02631E-04 4.58106E-11 2.81322E-11 1.13266E-05 6.55728E-12
 5.46799E-11 5.21513E-10 6.85292E-06 3.27236E-18 4.40162E-07 8.50115E-07 7.13207E-09 1.30255E-11
 7.52171E-13 1.44182E-07 8.79705E-10 2.86975E-09 1.06216E-12 1.23135E-08 4.89637E-10 1.25887E-12
 8.15469E-11 2.09984E-01 6.97147E-27 3.24005E-32 4.63287E-22 1.91508E-16 3.96759E-15 2.56997E-28
 3.02665E-04 5.04354E-11 4.52293E-11 1.14461E-05 9.56921E-12 7.43881E-11 7.04729E-10 7.67765E-06
 6.80293E-18 4.27033E-07 7.94622E-07 7.02380E-09 1.45612E-11 8.77965E-13 1.31163E-07 1.07989E-09
 3.42530E-09 1.39672E-12 1.25679E-08 4.80897E-10 1.50362E-12 8.38224E-11 2.09979E-01 4.29179E-28
 2.21444E-32 3.70897E-22 9.21746E-17 4.06571E-15 1.24611E-28 3.02699E-04 5.45814E-11 7.18881E-11
 1.15662E-05 1.39746E-11 9.80798E-11 8.85418E-10 8.43483E-06 1.48598E-17 4.13358E-07 7.38990E-07
 6.89592E-09 1.52666E-11 9.98339E-13 1.18215E-07 1.35360E-09 4.07915E-09 1.87747E-12 1.25978E-08
 4.52839E-10 1.74952E-12 8.18055E-11 2.09974E-01 2.38308E-29 2.51908E-32 3.47995E-22 5.32293E-17
 4.10337E-15 9.99353E-29 3.02731E-04 5.79681E-11 1.12697E-10 1.16855E-05 2.04238E-11 1.25009E-10
 1.02946E-09 9.04775E-06 3.38351E-17 3.99398E-07 6.83906E-07 6.74729E-09 1.50248E-11 1.10908E-12
 1.05610E-07 1.72436E-09 4.80019E-09 2.56808E-12 1.23863E-08 4.04586E-10 1.96699E-12 7.46188E-11
 2.09969E-01 2.40020E-30 3.83944E-32 4.26291E-22 4.11719E-17 4.11406E-15 1.06128E-28 3.02761E-04
 6.02821E-11 1.73883E-10 1.18039E-05 2.98349E-11 1.53380E-10 1.10268E-09 9.43805E-06 7.92494E-17
 3.85265E-07 6.29274E-07 6.58856E-09 1.38612E-11 1.20247E-12 9.34474E-08 2.22595E-09 5.54041E-09
 3.55974E-12 1.19277E-08 3.40052E-10 2.12179E-12 6.30022E-11 2.09965E-01 2.13119E-30 7.31068E-32
 6.60331E-22 4.14074E-17 4.11238E-15 1.38868E-28 3.02790E-04 6.32299E-11 2.70008E-10 1.19208E-05
 4.32530E-11 1.83955E-10 1.09975E-09 9.49365E-06 1.93350E-16 3.71188E-07 5.75277E-07 6.46502E-09
 1.25467E-11 1.33367E-12 8.18819E-08 2.87674E-09 6.31798E-09 4.77714E-12 1.11489E-08 2.71093E-10
 2.26793E-12 5.02422E-11 2.09960E-01 3.58642E-30 1.57021E-31 1.08982E-21 4.81775E-17 4.10407E-15
 1.99373E-28 3.02816E-04 6.51765E-11 4.12723E-10 1.20345E-05 6.20132E-11 2.11468E-10 1.01001E-09
 9.25257E-06 4.70518E-16 3.57592E-07 5.22564E-07 6.34131E-09 1.07615E-11 1.45247E-12 7.11126E-08
 3.72545E-09 6.99009E-09 6.33850E-12 1.01217E-08 2.02131E-10 2.31455E-12 3.69411E-11 2.09956E-01
 5.97218E-30 3.35656E-31 1.80563E-21 5.87700E-17 4.09185E-15 2.80885E-28 3.02840E-04 6.58396E-11
 6.21447E-10 1.21427E-05 8.77417E-11 2.34209E-10 8.67798E-10 8.80084E-06 1.12905E-15 3.45033E-07
 4.72002E-07 6.19532E-09 8.83652E-12 1.55415E-12 6.13249E-08 4.79140E-09 7.44401E-09 8.27008E-12
 8.91774E-09 1.41531E-10 2.24975E-12 2.50286E-11 2.09951E-01 9.32030E-30 6.83727E-31 2.90560E-21
 7.20333E-17 4.07689E-15 3.73319E-28 3.02859E-04 6.55425E-11 9.28265E-10 1.22427E-05 1.22464E-10
 2.52690E-10 7.13994E-10 8.21831E-06 2.67487E-15 3.34158E-07 4.24596E-07 6.02978E-09 7.10397E-12
 1.65186E-12 5.26676E-08 6.07238E-09 7.60414E-09 1.05239E-11 7.60902E-09 9.38705E-11 2.09715E-12
 1.57346E-11 2.09947E-01 1.37055E-29 1.32090E-30 4.49082E-21 8.75663E-17 4.05958E-15 4.65646E-28
 3.02875E-04 6.45617E-11 1.38454E-09 1.23331E-05 1.68818E-10 2.68255E-10 5.74217E-10 7.55901E-06
 6.28476E-15 3.25497E-07 3.80658E-07 5.85365E-09 5.68740E-12 1.75715E-12 4.51095E-08 7.55089E-09
 7.42690E-09 1.30212E-11 6.26756E-09 5.93311E-11 1.88357E-12 9.20285E-12 2.09943E-01 1.93600E-29
 2.44660E-30 6.68905E-21 1.05605E-16 4.03971E-15 5.49505E-28 3.02886E-04 6.30844E-11 2.07205E-09
 1.24132E-05 2.29767E-10 2.82594E-10 4.59766E-10 6.85954E-06 1.46815E-14 3.19615E-07 3.40340E-07
 5.67739E-09 4.59397E-12 1.87796E-12 3.85643E-08 9.18573E-09 6.90903E-09 1.56135E-11 4.95589E-09
 3.59049E-11 1.63263E-12 4.99523E-12 2.09939E-01 2.69053E-29 4.41500E-30 9.69014E-21 1.27070E-16
 4.01635E-15 6.21901E-28 3.02891E-04 6.12504E-11 3.11344E-09 1.24813E-05 3.07021E-10 2.97567E-10
 3.73732E-10 6.15842E-06 3.38846E-14 3.17189E-07 3.04059E-07 5.51504E-09 3.79351E-12 2.01739E-12
 3.29731E-08 1.08899E-08 6.10340E-09 1.79745E-11 3.73240E-09 2.09810E-11 1.36548E-12 2.50792E-12
 2.09934E-01 3.77049E-29 7.87495E-30 1.38015E-20 1.53657E-16 3.98780E-15 6.86882E-28 3.02892E-04
 5.91196E-11 4.67178E-09 1.25368E-05 3.98601E-10 3.14822E-10 3.13809E-10 5.48965E-06 7.59791E-14
 3.18911E-07 2.71834E-07 5.38057E-09 3.23947E-12 2.17187E-12 2.82136E-08 1.25198E-08 5.12225E-09
 1.95578E-11 2.65331E-09 1.19907E-11 1.10103E-12 1.16313E-12 2.09929E-01 5.44910E-29 1.40380E-29
 1.95310E-20 1.88238E-16 3.95120E-15 7.56268E-28 3.02887E-04 5.67142E-11 6.93150E-09 1.25789E-05
 4.98229E-10 3.35201E-10 2.74564E-10 4.87440E-06 1.62256E-13 3.25532E-07 2.43561E-07 5.28652E-09
 2.87925E-12 2.33524E-12 2.41634E-08 1.39059E-08 4.10499E-09 1.98526E-11 1.77298E-09 6.79018E-12
 8.56266E-13 5.00906E-13 2.09924E-01 8.19281E-29 2.50557E-29 2.76340E-20 2.34464E-16 3.90287E-15
 8.43184E-28 3.02877E-04 5.40467E-11 1.00575E-08 1.26070E-05 5.97846E-10 3.58212E-10 2.49480E-10
 4.31846E-06 3.25144E-13 3.37709E-07 2.19289E-07 5.24358E-09 2.65771E-12 2.50040E-12 2.07480E-08
 1.49270E-08 3.17130E-09 1.87734E-11 1.12028E-09 3.84664E-12 6.44261E-13 2.03192E-13 2.09919E-01
 1.26580E-28 4.43042E-29 3.90887E-20 2.95461E-16 3.83972E-15 9.53768E-28 3.02861E-04 5.12795E-11
 1.41719E-08 1.26210E-05 6.90278E-10 3.82279E-10 2.32405E-10 3.81138E-06 6.08686E-13 3.55853E-07
 1.98891E-07 5.26275E-09 2.53037E-12 2.66965E-12 1.78956E-08 1.55563E-08 2.39177E-09 1.66320E-11
 6.77198E-10 2.18883E-12 4.71788E-13 7.90646E-14 2.09913E-01 1.96235E-28 7.64248E-29 5.47618E-20
 3.72998E-16 3.75998E-15 1.08462E-27 3.02841E-04 4.84046E-11 1.93221E-08 1.26215E-05 7.71087E-10
 4.05591E-10 2.19145E-10 3.34798E-06 1.06634E-12 3.80454E-07 1.81805E-07 5.34882E-09 2.45796E-12
 2.83835E-12 1.54979E-08 1.58372E-08 1.78124E-09 1.39702E-11 3.96606E-10 1.25347E-12 3.38228E-13
 3.00204E-14 2.09907E-01 2.98338E-28 1.26913E-28 7.55760E-20 4.67936E-16 3.66281E-15 1.22769E-27
 3.02815E-04 4.54473E-11 2.55212E-08 1.26091E-05 8.38872E-10 4.26974E-10 2.07338E-10 2.92811E-06
 1.76172E-12 4.12051E-07 1.67467E-07 5.50628E-09 2.41633E-12 3.00588E-12 1.34632E-08 1.58439E-08
 1.32162E-09 1.12647E-11 2.27581E-10 7.22957E-13 2.38882E-13 1.12845E-14 2.09901E-01 4.37122E-28
 2.00978E-28 1.02263E-19 5.79639E-16 3.54881E-15 1.37086E-27 3.02786E-04 4.25143E-11 3.28166E-08
 1.25845E-05 8.94761E-10 4.46122E-10 1.95976E-10 2.55362E-06 2.77659E-12 4.50667E-07 1.55558E-07
 5.73637E-09 2.39520E-12 3.18071E-12 1.17437E-08 1.56570E-08 9.83084E-10 8.81796E-12 1.29489E-10
 4.20130E-13 1.67286E-13 4.25181E-15 2.09895E-01 6.09081E-28 3.01225E-28 1.34803E-19 7.04269E-16
 3.42186E-15 1.49737E-27 3.02753E-04 3.95660E-11 4.12907E-08 1.25482E-05 9.41911E-10 4.63545E-10
 1.85368E-10 2.22896E-06 4.21934E-12 4.96561E-07 1.45643E-07 6.03299E-09 2.38308E-12 3.36131E-12
 1.02801E-08 1.53363E-08 7.35144E-10 6.78236E-12 7.38140E-11 2.46444E-13 1.16698E-13 1.61963E-15
 2.09888E-01 8.04040E-28 4.26829E-28 1.73563E-19 8.37863E-16 3.28591E-15 1.60049E-27 3.02717E-04
 3.60528E-11 5.04885E-08 1.25007E-05 9.87468E-10 4.80952E-10 1.78442E-10 1.98055E-06 6.14023E-12
 5.50089E-07 1.37341E-07 6.38579E-09 2.33486E-12 3.43034E-12 9.02226E-09 1.49231E-08 5.51499E-10
 5.31761E-12 4.32025E-11 1.50004E-13 8.13893E-14 6.41366E-16 2.09881E-01 1.01334E-27 5.73397E-28
 2.28513E-19 9.76471E-16 3.14489E-15 1.72267E-27 3.02678E-04 3.25743E-11 6.06365E-08 1.24430E-05
 1.03236E-09 4.98663E-10 1.73652E-10 1.77724E-06 8.70326E-12 6.10882E-07 1.30391E-07 6.83285E-09
 2.27249E-12 3.44265E-12 7.94266E-09 1.44519E-08 4.15588E-10 4.20497E-12 2.58940E-11 9.36258E-14
 5.68489E-14 2.61759E-16 2.09874E-01 1.22918E-27 7.38495E-28 3.01955E-19 1.11645E-15 3.00246E-15
 1.87358E-27 3.02636E-04 2.94906E-11 7.21317E-08 1.23758E-05 1.07558E-09 5.16445E-10 1.69179E-10
 1.59294E-06 1.21792E-11 6.78678E-07 1.24521E-07 7.42690E-09 2.21845E-12 3.46640E-12 7.01268E-09
 1.39443E-08 3.14902E-10 3.30204E-12 1.56809E-11 5.88320E-14 3.96883E-14 1.07984E-16 2.09867E-01
 1.44227E-27 9.20185E-28 3.91526E-19 1.25554E-15 2.86089E-15 2.05110E-27 3.02591E-04 2.67511E-11
 8.51168E-08 1.23002E-05 1.11908E-09 5.34980E-10 1.65416E-10 1.42607E-06 1.68864E-11 7.52800E-07
 1.19542E-07 8.20676E-09 2.16923E-12 3.50119E-12 6.21231E-09 1.34175E-08 2.40064E-10 2.58274E-12
 9.59922E-12 3.72410E-14 2.77190E-14 4.50078E-17 2.09859E-01 1.64681E-27 1.11504E-27 4.99042E-19
 1.39082E-15 2.72311E-15 2.27428E-27 3.02544E-04 2.40587E-11 9.85979E-08 1.22181E-05 1.16858E-09
 5.55924E-10 1.64995E-10 1.29490E-06 2.28766E-11 8.31944E-07 1.15319E-07 9.19860E-09 2.09297E-12
 3.42829E-12 5.52832E-09 1.28872E-08 1.84170E-10 2.07542E-12 6.07374E-12 2.44281E-14 1.95205E-14
 1.96091E-17 2.09851E-01 1.85799E-27 1.32409E-27 6.54009E-19 1.51882E-15 2.59258E-15 2.65748E-27
 3.02496E-04 2.15530E-11 1.12660E-07 1.21307E-05 1.22499E-09 5.79827E-10 1.67421E-10 1.18579E-06
 3.05355E-11 9.15274E-07 1.11694E-07 1.04579E-08 2.00164E-12 3.28466E-12 4.94310E-09 1.23626E-08
 1.42357E-10 1.70040E-12 3.96817E-12 1.64690E-14 1.38697E-14 8.89390E-18 2.09844E-01 2.08277E-27
 1.55187E-27 8.73624E-19 1.63847E-15 2.47037E-15 3.26947E-27 3.02447E-04 1.93756E-11 1.28020E-07
 1.20380E-05 1.28756E-09 6.07007E-10 1.71257E-10 1.08102E-06 4.07192E-11 1.00290E-06 1.08501E-07
 1.20660E-08 1.91648E-12 3.15061E-12 4.43624E-09 1.18455E-08 1.11008E-10 1.39243E-12 2.63812E-12
 1.12049E-14 9.89794E-15 4.10061E-18 2.09836E-01 2.32059E-27 1.80373E-27 1.15720E-18 1.75056E-15
 2.35566E-15 4.13443E-27 3.02396E-04 1.74739E-11 1.44502E-07 1.19399E-05 1.35838E-09 6.38557E-10
 1.76701E-10 9.79490E-07 5.42523E-11 1.09519E-06 1.05610E-07 1.41106E-08 1.83794E-12 3.02152E-12
 3.99135E-09 1.13358E-08 8.75064E-11 1.14062E-12 1.77889E-12 7.70818E-15 7.10326E-15 1.92009E-18
 2.09828E-01 2.58578E-27 2.09079E-27 1.52339E-18 1.85588E-15 2.24761E-15 5.36024E-27 3.02344E-04
 1.58068E-11 1.61952E-07 1.18373E-05 1.44061E-09 6.76037E-10 1.84303E-10 8.81321E-07 7.23122E-11
 1.19139E-06 1.02958E-07 1.66594E-08 1.76532E-12 2.89470E-12 3.60082E-09 1.08396E-08 6.99629E-11
 9.36480E-13 1.22090E-12 5.38840E-15 5.14141E-15 9.18483E-19 2.09819E-01 2.89567E-27 2.42649E-27
 1.99466E-18 1.95381E-15 2.14685E-15 7.09694E-27 3.02289E-04 1.43409E-11 1.80169E-07 1.17314E-05
 1.53802E-09 7.21291E-10 1.94732E-10 7.86881E-07 9.65377E-11 1.29054E-06 1.00500E-07 1.97694E-08
 1.69781E-12 2.76781E-12 3.25869E-09 1.03628E-08 5.69524E-11 7.72148E-13 8.57514E-13 3.84883E-15
 3.76677E-15 4.52280E-19 2.09811E-01 3.27258E-27 2.82913E-27 2.59903E-18 2.04374E-15 2.05396E-15
 9.56131E-27 3.02233E-04 1.30385E-11 1.98885E-07 1.16214E-05 1.65468E-09 7.76355E-10 2.08823E-10
 6.96615E-07 1.29181E-10 1.39329E-06 9.81659E-08 2.35468E-08 1.63391E-12 2.63860E-12 2.95476E-09
 9.90324E-09 4.73570E-11 6.39858E-13 6.17740E-13 2.81934E-15 2.80155E-15 2.30289E-19 2.09802E-01
 3.74853E-27 3.32560E-27 3.37363E-18 2.12662E-15 1.96791E-15 1.30786E-26 3.02175E-04 1.18690E-11
 2.17866E-07 1.15071E-05 1.79496E-09 8.43378E-10 2.27546E-10 6.11313E-07 1.73378E-10 1.50005E-06
 9.59076E-08 2.81054E-08 1.57185E-12 2.50533E-12 2.68209E-09 9.46027E-09 4.03410E-11 5.33170E-13
 4.57701E-13 2.12471E-15 2.12121E-15 1.21853E-19 2.09793E-01 4.36174E-27 3.94925E-27 4.36494E-18
 2.20303E-15 1.88809E-15 1.81239E-26 3.02114E-04 1.08095E-11 2.37032E-07 1.13893E-05 1.96318E-09
 9.24398E-10 2.51936E-10 5.32045E-07 2.33527E-10 1.61004E-06 9.37104E-08 3.35197E-08 1.50936E-12
 2.36705E-12 2.43787E-09 9.03835E-09 3.52745E-11 4.46939E-13 3.50260E-13 1.65123E-15 1.63871E-15
 6.73605E-20 2.09784E-01 5.15188E-27 4.73742E-27 5.62908E-18 2.27265E-15 1.81476E-15 2.53766E-26
 3.02051E-04 9.82796E-12 2.56514E-07 1.12681E-05 2.16327E-09 1.02118E-09 2.83590E-10 4.59811E-07
 3.15819E-10 1.72314E-06 9.15518E-08 3.98939E-08 1.44164E-12 2.22306E-12 2.21826E-09 8.63877E-09
 3.16478E-11 3.76726E-13 2.77795E-13 1.32324E-15 1.29198E-15 3.89538E-20 2.09775E-01 6.16455E-27
 5.73247E-27 7.23591E-18 2.33572E-15 1.74760E-15 3.58076E-26 3.01986E-04 8.83048E-12 2.77271E-07
 1.11435E-05 2.39771E-09 1.13423E-09 3.25695E-10 3.96427E-07 4.29608E-10 1.83950E-06 8.94097E-08
 4.73538E-08 1.35677E-12 2.06280E-12 2.01966E-09 8.26184E-09 2.90030E-11 3.19673E-13 2.30824E-13
 1.10123E-15 1.03732E-15 2.38884E-20 2.09765E-01 7.46034E-27 6.95955E-27 9.27853E-18 2.39260E-15
 1.68615E-15 5.07895E-26 3.01918E-04 7.53450E-12 2.82728E-07 1.10179E-05 2.66847E-09 1.25029E-09
 3.85227E-10 3.74404E-07 5.28554E-10 1.95683E-06 8.73098E-08 5.58581E-08 1.23705E-12 1.60214E-12
 1.84287E-09 7.91369E-09 2.83071E-11 3.11034E-13 2.09577E-13 1.05147E-15 9.42842E-16 1.88809E-20
 2.09756E-01 9.23825E-27 8.59090E-27 1.52959E-17 2.43906E-15 1.63114E-15 9.19525E-26 3.01848E-04
 7.08217E-12 3.10991E-07 1.08895E-05 2.99506E-09 1.41024E-09 4.41048E-10 3.09140E-07 7.57430E-10
 2.07671E-06 8.52046E-08 6.57249E-08 1.16739E-12 1.54127E-12 1.68279E-09 7.60660E-09 2.66232E-11
 2.54043E-13 1.77469E-13 8.72507E-16 7.52099E-16 1.16431E-20 2.09746E-01 1.12343E-26 1.05338E-26
 1.80135E-17 2.48392E-15 1.58097E-15 1.21949E-25 3.01774E-04 7.23807E-12 3.40281E-07 1.07541E-05
 3.37717E-09 1.59914E-09 5.07914E-10 2.52039E-07 1.08737E-09 2.20320E-06 8.30149E-08 7.74038E-08
 1.10953E-12 1.49321E-12 1.53259E-09 7.32434E-09 2.54279E-11 2.06940E-13 1.49143E-13 7.22008E-16
 6.04028E-16 6.97841E-21 2.09735E-01 1.38369E-26 1.30437E-26 2.09216E-17 2.52534E-15 1.53394E-15
 1.60436E-25 3.01695E-04 8.25973E-12 3.62814E-07 1.06123E-05 3.83213E-09 1.81352E-09 5.99723E-10
 2.14237E-07 1.49777E-09 2.33562E-06 8.07482E-08 9.09816E-08 1.03992E-12 1.33168E-12 1.39245E-09
 7.06477E-09 2.51609E-11 1.80366E-13 1.30737E-13 6.40070E-16 5.16715E-16 4.66402E-21 2.09724E-01
 1.74573E-26 1.63639E-26 2.68394E-17 2.56021E-15 1.49034E-15 2.33191E-25 3.01611E-04 1.11947E-11
 3.89733E-07 1.04644E-05 4.39860E-09 2.08394E-09 7.19781E-10 1.77206E-07 2.12726E-09 2.47368E-06
 7.84069E-08 1.06618E-07 9.70192E-13 1.21287E-12 1.26202E-09 6.83096E-09 2.50781E-11 1.54930E-13
 1.17194E-13 5.72665E-16 4.36583E-16 3.13801E-21 2.09712E-01 2.25638E-26 2.08442E-26 3.25257E-17
 2.59177E-15 1.45015E-15 3.24581E-25 3.01521E-04 1.70932E-11 4.12672E-07 1.03099E-05 5.12912E-09
 2.42577E-09 8.82620E-10 1.47473E-07 3.00637E-09 2.61771E-06 7.59865E-08 1.24509E-07 8.98960E-13
 1.06966E-12 1.14045E-09 6.62047E-09 2.57485E-11 1.37883E-13 1.08964E-13 5.34891E-16 3.81556E-16
 2.23879E-21 2.09700E-01 3.02083E-26 2.73112E-26 4.01312E-17 2.61811E-15 1.41314E-15 4.65999E-25
 3.01426E-04 2.71704E-11 4.36589E-07 1.01487E-05 6.07864E-09 2.86850E-09 1.09581E-09 1.20419E-07
 4.34002E-09 2.76773E-06 7.34934E-08 1.44824E-07 8.29282E-13 9.47096E-13 1.02730E-09 6.43328E-09
 2.67934E-11 1.23297E-13 1.03705E-13 5.08718E-16 3.33505E-16 1.62487E-21 2.09687E-01 4.16454E-26
 3.67547E-26 4.77058E-17 2.64134E-15 1.37913E-15 6.54990E-25 3.01323E-04 4.22298E-11 4.57390E-07
 9.98067E-06 7.31515E-09 3.42875E-09 1.36702E-09 9.92969E-08 6.25568E-09 2.92366E-06 7.09419E-08
 1.67684E-07 7.60470E-13 8.12999E-13 9.22362E-10 6.26727E-09 2.84483E-11 1.14080E-13 1.00578E-13
 4.96237E-16 2.99495E-16 1.22589E-21 2.09673E-01 5.85099E-26 5.08185E-26 5.67508E-17 2.66015E-15
 1.34791E-15 9.31256E-25 3.01214E-04 6.26704E-11 4.88018E-07 9.80522E-06 8.84568E-09 4.11666E-09
 1.68138E-09 7.96698E-08 9.34432E-09 3.08569E-06 6.83484E-08 1.93254E-07 6.95770E-13 7.21944E-13
 8.25284E-10 6.12167E-09 2.95209E-11 1.02587E-13 9.60667E-14 4.67344E-16 2.58231E-16 8.75921E-22
 2.09658E-01 8.16733E-26 7.05808E-26 6.34941E-17 2.67856E-15 1.31923E-15 1.25108E-24 3.01096E-04
 8.83181E-11 5.24087E-07 9.61464E-06 1.06973E-08 4.91583E-09 2.04082E-09 6.47242E-08 1.39770E-08
 3.26074E-06 6.56285E-08 2.22773E-07 6.30309E-13 6.30021E-13 7.32287E-10 5.98746E-09 3.01586E-11
 9.29605E-14 9.01533E-14 4.30243E-16 2.21569E-16 6.07916E-22 2.09642E-01 1.12783E-25 9.81065E-26
 7.04078E-17 2.69528E-15 1.29172E-15 1.65679E-24 3.00966E-04 1.18982E-10 5.73518E-07 9.39881E-06
 1.28382E-08 5.80038E-09 2.43156E-09 5.25153E-08 2.11905E-08 3.45762E-06 6.26841E-08 2.58065E-07
 5.61432E-13 5.49426E-13 6.40043E-10 5.85761E-09 2.96137E-11 8.25848E-14 8.16858E-14 3.76710E-16
 1.83142E-16 3.93971E-22 2.09624E-01 1.52943E-25 1.34952E-25 7.65468E-17 2.71228E-15 1.26413E-15
 2.12582E-24 3.00813E-04 1.53434E-10 6.35856E-07 9.15451E-06 1.52445E-08 6.72671E-09 2.82797E-09
 4.34022E-08 3.20123E-08 3.67859E-06 5.95283E-08 3.00039E-07 4.89009E-13 4.66396E-13 5.49295E-10
 5.72927E-09 2.80806E-11 7.31093E-14 7.12278E-14 3.15011E-16 1.48485E-16 2.41565E-22 2.09602E-01
 2.02232E-25 1.83534E-25 8.31612E-17 2.72834E-15 1.23629E-15 2.67904E-24 3.00634E-04 1.90857E-10
 7.23412E-07 8.87990E-06 1.77553E-08 7.61404E-09 3.18116E-09 3.59160E-08 4.87926E-08 3.92402E-06
 5.62021E-08 3.49487E-07 4.15387E-13 3.94022E-13 4.61494E-10 5.60084E-09 2.51185E-11 6.25835E-14
 5.89565E-14 2.45129E-16 1.14150E-16 1.35460E-22 2.09577E-01 2.58447E-25 2.44357E-25 9.00143E-17
 2.74357E-15 1.20823E-15 3.28343E-24 3.00424E-04 2.29534E-10 8.33513E-07 8.57468E-06 2.03655E-08
 8.43128E-09 3.46962E-09 3.03787E-08 7.36588E-08 4.19268E-06 5.27568E-08 4.07139E-07 3.42954E-13
 3.20982E-13 3.78225E-10 5.46907E-09 2.16498E-11 5.32647E-14 4.66274E-14 1.81122E-16 8.60444E-17
 7.14235E-23 2.09547E-01 3.21408E-25 3.21933E-25 9.82342E-17 2.75666E-15 1.17997E-15 3.96944E-24
 3.00179E-04 2.68463E-10 9.86311E-07 8.23896E-06 2.27888E-08 9.07216E-09 3.65649E-09 2.55538E-08
 1.11910E-07 4.48149E-06 4.92479E-08 4.73809E-07 2.74894E-13 2.59352E-13 3.00923E-10 5.33166E-09
 1.75136E-11 4.34465E-14 3.49961E-14 1.24255E-16 6.09757E-17 3.43417E-23 2.09513E-01 3.89726E-25
 4.16511E-25 1.07950E-16 2.76732E-15 1.15151E-15 4.69562E-24 2.99892E-04 3.02308E-10 1.15053E-06
 7.87510E-06 2.57822E-08 9.78129E-09 3.77698E-09 2.14797E-08 1.68304E-07 4.78458E-06 4.57321E-08
 5.50188E-07 2.13904E-13 2.01794E-13 2.30770E-10 5.18445E-09 1.41583E-11 3.62393E-14 2.55293E-14
 8.36528E-17 4.32622E-17 1.58960E-23 2.09472E-01 4.76209E-25 5.54517E-25 1.17337E-16 2.77716E-15
 1.12288E-15 5.50629E-24 2.99558E-04 3.27749E-10 1.32065E-06 7.48114E-06 3.07547E-08 1.09125E-08
 3.78650E-09 1.69416E-08 2.64052E-07 5.09179E-06 4.22633E-08 6.37365E-07 1.60325E-13 1.55827E-13
 1.68414E-10 5.02444E-09 1.13235E-11 3.08997E-14 1.80207E-14 5.45160E-17 2.95093E-17 6.94627E-24
 2.09424E-01 5.83690E-25 7.94307E-25 1.22099E-16 2.79026E-15 1.09407E-15 6.40081E-24 2.99168E-04
 3.55967E-10 1.74151E-06 7.04148E-06 3.68678E-08 1.20375E-08 3.48964E-09 1.48961E-08 4.72268E-07
 5.38157E-06 3.88889E-08 7.37298E-07 1.12395E-13 1.06991E-13 1.14342E-10 4.84846E-09 7.81716E-12
 2.64394E-14 1.17533E-14 3.13839E-17 1.94845E-17 2.74872E-24 2.09368E-01 6.34118E-25 1.13817E-24
 1.31775E-16 2.79685E-15 1.06504E-15 7.63440E-24 2.98711E-04 4.30999E-10 5.17419E-06 6.52160E-06
 2.22836E-08 7.72070E-09 2.46391E-09 2.49918E-08 9.84247E-07 5.60377E-06 3.56495E-08 8.52885E-07
 7.22394E-14 5.58460E-14 7.04005E-11 4.65294E-09 2.22168E-12 1.19343E-14 6.26888E-15 1.11749E-17
 8.20340E-18 8.05471E-25 2.09301E-01 3.69122E-25 8.28846E-25 2.45490E-16 2.69755E-15 1.03574E-15
 9.09708E-24 2.98176E-04 4.52925E-10 2.07732E-05 5.96934E-06 8.87095E-09 3.16487E-09 1.51089E-09
 6.03877E-08 1.73102E-06 5.73225E-06 3.25751E-08 9.79058E-07 4.57317E-14 3.26629E-14 3.96845E-11
 4.43237E-09 3.65337E-13 3.67335E-15 3.19419E-15 3.44231E-18 1.82692E-18 2.14572E-25 2.09215E-01
 1.35983E-25 3.08437E-25 5.31779E-16 2.42356E-15 1.00623E-15 8.06007E-24 2.97556E-04 3.74658E-10
 6.19295E-05 5.42778E-06 4.34981E-09 1.37229E-09 9.00540E-10 1.14271E-07 2.55129E-06 5.80202E-06
 2.96889E-08 1.11075E-06 2.88889E-14 2.30154E-14 2.11690E-11 4.19740E-09 7.29704E-14 1.22365E-15
 1.62403E-15 1.05638E-18 3.61376E-19 5.68377E-26 2.09103E-01 4.32050E-26 1.07658E-25 8.74319E-16
 2.09111E-15 9.76536E-16 5.74385E-24 2.96843E-04 2.71194E-10 1.42403E-04 4.91333E-06 2.63096E-09
 6.77104E-10 5.32542E-10 1.81822E-07 3.36702E-06 5.84067E-06 2.69985E-08 1.24606E-06 1.82458E-14
 1.79158E-14 1.09619E-11 3.95818E-09 2.24462E-14 4.95600E-16 8.24810E-16 3.25533E-19 1.00536E-19
 1.50468E-26 2.08955E-01 1.29006E-26 4.16582E-26 1.19791E-15 1.77535E-15 9.46517E-16 3.88412E-24
 2.96021E-04 1.90891E-10 2.76969E-04 4.43514E-06 1.79597E-09 3.64655E-10 3.14236E-10 2.58633E-07
 4.13746E-06 5.86245E-06 2.45187E-08 1.38343E-06 1.15482E-14 1.47905E-14 5.64493E-12 3.72239E-09
 1.05141E-14 2.29821E-16 4.19366E-16 1.00847E-19 4.14652E-20 3.99205E-27 2.08759E-01 3.74444E-27
 1.74772E-26 1.47768E-15 1.50086E-15 9.16138E-16 2.58216E-24 2.95074E-04 1.32314E-10 4.82212E-04
 3.99486E-06 1.28135E-09 2.06038E-10 1.85121E-10 3.19536E-07 4.84637E-06 5.87489E-06 2.22422E-08
 1.52265E-06 7.32689E-15 1.27033E-14 2.94890E-12 3.49399E-09 6.45054E-15 1.07869E-16 2.13679E-16
 3.14608E-20 2.15307E-20 1.06490E-27 2.08505E-01 1.05913E-27 7.64705E-27 1.69947E-15 1.28149E-15
 8.85176E-16 1.67980E-24 2.93977E-04 9.49806E-11 7.72186E-04 3.59137E-06 9.51295E-10 1.22108E-10
 1.08676E-10 3.71315E-07 5.48746E-06 5.88213E-06 2.01560E-08 1.66377E-06 4.65226E-15 1.12416E-14
 1.57605E-12 3.27502E-09 4.57116E-15 5.24100E-17 1.08832E-16 9.84050E-21 1.28558E-20 2.84520E-28
 2.08181E-01 2.93235E-28 3.54310E-27 1.87611E-15 1.10402E-15 8.53382E-16 1.10063E-24 2.92703E-04
 7.14240E-11 1.15908E-03 3.22462E-06 7.22650E-10 7.51825E-11 6.36086E-11 4.10909E-07 6.05841E-06
 5.88646E-06 1.82569E-08 1.80621E-06 2.95759E-15 1.01939E-14 8.68641E-13 3.06798E-09 3.44074E-15
 2.60783E-17 5.54311E-17 3.08601E-21 8.13467E-21 7.61659E-29 2.07775E-01 7.99778E-29 1.72915E-27
 2.01731E-15 9.58207E-16 8.20640E-16 7.30056E-25 2.91222E-04 5.58689E-11 1.65380E-03 2.89359E-06
 5.55523E-10 4.77219E-11 3.71514E-11 4.36717E-07 6.56081E-06 5.88915E-06 1.65391E-08 1.94947E-06
 1.88398E-15 9.43163E-15 4.96703E-13 2.87482E-09 2.65456E-15 1.31439E-17 2.82608E-17 9.71081E-22
 5.26908E-21 2.04482E-29 2.07278E-01 2.16039E-29 8.81721E-28 2.12904E-15 8.37545E-16 7.86836E-16
 4.90224E-25 2.89501E-04 4.35912E-11 2.26761E-03 2.59594E-06 4.23998E-10 3.08807E-11 2.16417E-11
 4.35093E-07 6.99916E-06 5.89065E-06 1.49911E-08 2.09350E-06 1.20291E-15 8.86847E-15 2.96016E-13
 2.69682E-09 2.05457E-15 6.46095E-18 1.44364E-17 3.07123E-22 3.37310E-21 5.51638E-30 2.06677E-01
 5.73827E-30 4.62891E-28 2.21192E-15 7.40793E-16 7.51794E-16 3.30522E-25 2.87501E-04 3.38435E-11
 3.01081E-03 2.32859E-06 3.21225E-10 2.03188E-11 1.25503E-11 4.11684E-07 7.37851E-06 5.89073E-06
 1.35979E-08 2.23858E-06 7.68996E-16 8.44186E-15 1.83872E-13 2.53434E-09 1.59113E-15 3.10648E-18
 7.37990E-18 9.75165E-23 2.13741E-21 1.49392E-30 2.05960E-01 1.48511E-30 2.49501E-28 2.27190E-15
 6.61329E-16 7.15318E-16 2.24148E-25 2.85175E-04 2.76708E-11 3.88768E-03 2.08996E-06 2.46223E-10
 1.36891E-11 7.25584E-12 3.91154E-07 7.70302E-06 5.88937E-06 1.23524E-08 2.38422E-06 4.92259E-16
 8.10763E-15 1.18887E-13 2.38789E-09 1.24879E-15 1.54133E-18 3.77400E-18 3.10504E-23 1.39260E-21
 4.05502E-31 2.05118E-01 3.79892E-31 1.39449E-28 2.31887E-15 5.88597E-16 6.77394E-16 1.54764E-25
 2.82483E-04 2.28355E-11 4.90120E-03 1.87869E-06 1.87455E-10 9.35219E-12 4.18767E-12 3.58709E-07
 7.97763E-06 5.88657E-06 1.12484E-08 2.52991E-06 3.15965E-16 7.83539E-15 8.00906E-14 2.25842E-09
 9.81950E-16 7.60347E-19 1.93405E-18 9.94220E-24 9.04051E-22 1.10642E-31 2.04145E-01 9.61218E-32
 7.98491E-29 2.35117E-15 5.23619E-16 6.38049E-16 1.07715E-25 2.79379E-04 1.92351E-11 6.05187E-03
 1.69313E-06 1.42371E-10 6.48353E-12 2.41569E-12 3.22534E-07 8.20629E-06 5.88190E-06 1.02778E-08
 2.67537E-06 2.03517E-16 7.60212E-15 5.61881E-14 2.14611E-09 7.77066E-16 3.76730E-19 9.93335E-19
 3.20174E-24 5.91457E-22 3.03452E-32 2.03032E-01 2.42037E-32 4.68322E-29 2.37044E-15 4.64128E-16
 5.97339E-16 7.56994E-26 2.75816E-04 1.67965E-11 7.33379E-03 1.53232E-06 1.08322E-10 4.56624E-12
 1.39798E-12 2.88259E-07 8.39264E-06 5.87524E-06 9.43542E-09 2.82001E-06 1.31935E-16 7.39169E-15
 4.11012E-14 2.05130E-09 6.21607E-16 1.90159E-19 5.12120E-19 1.03836E-24 3.94127E-22 8.37373E-33
 2.01777E-01 6.16155E-33 2.81517E-29 2.37757E-15 4.08726E-16 5.55454E-16 5.38066E-26 2.71754E-04
 1.47575E-11 8.73893E-03 1.39538E-06 8.16750E-11 3.24728E-12 8.15645E-13 2.49780E-07 8.53962E-06
 5.86621E-06 8.71615E-09 2.96342E-06 8.66313E-17 7.19254E-15 3.14573E-14 1.97449E-09 4.99426E-16
 9.53793E-20 2.66026E-19 3.39977E-25 2.62392E-22 2.33041E-33 2.00377E-01 1.59199E-33 1.72017E-29
 2.36977E-15 3.59736E-16 5.12623E-16 3.84051E-26 2.67147E-04 1.32255E-11 1.02540E-02 1.28178E-06
 6.13225E-11 2.33554E-12 4.86691E-13 2.12764E-07 8.64842E-06 5.85405E-06 8.11597E-09 3.10521E-06
 5.84470E-17 6.99627E-15 2.53240E-14 1.91582E-09 4.05006E-16 4.80724E-20 1.40704E-19 1.12758E-25
 1.76565E-22 6.55477E-34 1.98837E-01 4.22719E-34 1.06890E-29 2.34676E-15 3.17092E-16 4.69194E-16
 2.75658E-26 2.61961E-04 1.19413E-11 1.18617E-02 1.19137E-06 4.56648E-11 1.69345E-12 3.08970E-13
 1.76281E-07 8.71911E-06 5.83783E-06 7.63256E-09 3.24496E-06 4.18235E-17 6.79699E-15 2.15983E-14
 1.87544E-09 3.30608E-16 2.41410E-20 7.86473E-20 3.87031E-26 1.19038E-22 1.89257E-34 1.97159E-01
 1.17334E-34 6.72195E-30 2.30710E-15 2.82019E-16 4.25609E-16 1.98167E-26 2.56166E-04 1.10682E-11
 1.35382E-02 1.12458E-06 3.40377E-11 1.24013E-12 2.29478E-13 1.44568E-07 8.75029E-06 5.81643E-06
 7.26586E-09 3.38205E-06 3.36257E-17 6.59083E-15 1.96445E-14 1.85312E-09 2.72887E-16 1.26346E-20
 5.18990E-20 1.61184E-26 8.13024E-23 6.53663E-35 1.95357E-01 3.99757E-35 4.27965E-30 2.25015E-15
 2.55207E-16 3.82448E-16 1.42842E-26 2.49752E-04 2.88150E+02 2.81650E+02 2.75150E+02 2.68660E+02
 2.62170E+02 2.55680E+02 2.49190E+02 2.42700E+02 2.36210E+02 2.29730E+02 2.23250E+02 2.16770E+02
 2.16650E+02 2.16650E+02 2.16650E+02 2.16650E+02 2.16650E+02 2.16650E+02 2.16650E+02 2.16650E+02
 2.16650E+02 2.17580E+02 2.18570E+02 2.19570E+02 2.20560E+02 2.21550E+02 2.22540E+02 2.23540E+02
 2.24530E+02 2.25520E+02 2.26510E+02 2.27500E+02 2.28490E+02 2.30970E+02 2.33740E+02 2.36510E+02
 2.39280E+02 2.42050E+02 2.44820E+02 2.47580E+02 2.50350E+02 2.53140E+02 2.55880E+02 2.58640E+02
 2.61400E+02 2.64160E+02 2.66960E+02 2.69680E+02 2.70650E+02 2.70650E+02 2.70650E+02 2.70650E+02
 2.69030E+02 2.66270E+02 2.63520E+02 2.60770E+02 2.58020E+02 2.55270E+02 2.52520E+02 2.49770E+02
 2.47020E+02 2.44270E+02 2.41530E+02 2.30780E+02 2.30500E+02 2.30500E+02 2.27000E+02 2.25100E+02
 2.22000E+02 2.19600E+02 2.16000E+02 2.14300E+02 2.12000E+02 2.10300E+02 2.08000E+02 2.06400E+02
 2.04000E+02 2.02500E+02 2.00000E+02 1.98600E+02 1.96000E+02 1.94700E+02 1.92000E+02 1.90800E+02
 1.89000E+02 1.86900E+02 1.86900E+02 1.86900E+02 1.86900E+02 1.86900E+02 1.88000E+02 1.90000E+02
 1.91000E+02 1.92500E+02 1.94000E+02 1.95000E+02 1.96500E+02 1.98000E+02 2.00000E+02 2.02000E+02
 1.00000E+05 1.00000E+05 1.00000E+05 1.00000E+05 1.00000E+05 1.00000E+05 1.00000E+05 1.00000E+05
 1.00000E+05 8.94400E+04 4.89900E+04 2.25800E+04 1.16600E+04 6.81200E+03 5.16500E+03 4.29000E+03
 3.95000E+03 3.90000E+03 3.99900E+03 4.34300E+03 4.84400E+03 5.43900E+03 6.18700E+03 7.03600E+03
 7.98400E+03 8.98600E+03 1.00300E+04 1.12800E+04 1.24900E+04 1.36300E+04 1.51300E+04 1.66900E+04
 1.81800E+04 1.99800E+04 2.19800E+04 2.44500E+04 2.74600E+04 3.04600E+04 3.39400E+04 3.79500E+04
 4.19500E+04 4.64300E+04 5.19100E+04 5.84000E+04 6.44500E+04 7.13600E+04 7.99000E+04 8.79100E+04
 9.68700E+04 1.06900E+05 1.17800E+05 1.31800E+05 1.48300E+05 1.65800E+05 1.83300E+05 2.01800E+05
 2.25600E+05 2.52200E+05 2.77200E+05 3.07000E+05 3.42100E+05 3.79500E+05 4.21900E+05 4.71700E+05
 5.17400E+05 5.67400E+05 6.22400E+05 6.82600E+05 7.48700E+05 8.21200E+05 9.00700E+05 9.87900E+05
 1.00000E+06 1.00000E+06 1.00000E+06 1.00000E+06 1.00000E+06 1.00000E+06 1.00000E+06 1.00000E+06
 1.00000E+06 1.00000E+06 1.00000E+06 1.00000E+06 1.00000E+06 1.00000E+06 1.00000E+06 1.00000E+06
 1.00000E+06 1.00000E+06 1.00000E+06 1.00000E+06 1.00000E+06 1.00000E+06 1.00000E+06 1.00000E+06
 1.00000E+06 1.00000E+06 1.00000E+06 1.00000E+06 2.40071E+19 2.17868E+19 1.97278E+19 1.78211E+19
 1.60594E+19 1.44347E+19 1.29394E+19 1.15661E+19 1.03076E+19 9.15669E+18 8.10714E+18 7.15254E+18
 6.11645E+18 5.22758E+18 4.46810E+18 3.81915E+18 3.26462E+18 2.79074E+18 2.38576E+18 2.03965E+18
 1.74384E+18 1.48513E+18 1.26540E+18 1.07898E+18 9.20766E+17 7.86349E+17 6.72059E+17 5.74785E+17
 4.91977E+17 4.21407E+17 3.61221E+17 3.09854E+17 2.65981E+17 2.27116E+17 1.94043E+17 1.66101E+17
 1.42447E+17 1.22383E+17 1.05331E+17 9.08160E+16 7.84301E+16 6.78407E+16 5.87876E+16 5.10188E+16
 4.43451E+16 3.86027E+16 3.36490E+16 2.93823E+16 2.58483E+16 2.28272E+16 2.01599E+16 1.78050E+16
 1.58146E+16 1.40935E+16 1.25447E+16 1.11530E+16 9.90365E+15 8.78345E+15 7.78015E+15 6.88260E+15
 6.08059E+15 5.36482E+15 4.72662E+15 4.29268E+15 3.71713E+15 3.21470E+15 2.82005E+15 2.45267E+15
 2.14138E+15 1.86063E+15 1.62255E+15 1.40020E+15 1.21011E+15 1.04147E+15 8.97662E+14 7.70064E+14
 6.62227E+14 5.66185E+14 4.85751E+14 4.13851E+14 3.54188E+14 3.00665E+14 2.56663E+14 2.17053E+14
 1.83904E+14 1.55808E+14 1.30416E+14 1.09169E+14 9.13903E+13 7.65121E+13 6.37191E+13 5.28964E+13
 4.42114E+13 3.69023E+13 3.08474E+13 2.58845E+13 2.16910E+13 1.82030E+13 1.52626E+13 1.28209E+13
 7.94662E-11 9.68895E-11 1.33776E-10 1.80324E-10 2.31666E-10 2.83937E-10 3.33798E-10 3.78820E-10
 4.17443E-10 4.50357E-10 4.84129E-10 5.26364E-10 5.58635E-10 5.71488E-10 5.61197E-10 5.31042E-10
 4.87311E-10 4.37907E-10 3.88716E-10 3.43670E-10 3.04842E-10 2.71974E-10 2.44367E-10 2.21303E-10
 2.01623E-10 1.83777E-10 1.66857E-10 1.50882E-10 1.35809E-10 1.21460E-10 1.07918E-10 9.52963E-11
 8.35111E-11 7.25684E-11 6.25414E-11 5.34923E-11 4.54788E-11 3.84279E-11 3.22479E-11 2.68950E-11
 2.22766E-11 1.83059E-11 1.49435E-11 1.21466E-11 9.82370E-12 7.89270E-12 6.31034E-12 5.01793E-12
 3.96251E-12 3.10893E-12 2.41712E-12 1.87362E-12 1.45036E-12 1.11930E-12 8.58301E-13 6.52870E-13
 4.94421E-13 3.72598E-13 2.77908E-13 2.05454E-13 1.50728E-13 1.09499E-13 7.87621E-14 5.63330E-14
 3.95540E-14 2.72272E-14 1.83991E-14 1.21682E-14 7.86896E-15 4.96232E-15 3.04716E-15 1.81422E-15
 9.97883E-16 4.95864E-16 2.18680E-16 8.36520E-17 2.70612E-17 7.16370E-18 1.49632E-18 2.35137E-19
 2.63737E-20 1.96894E-21 9.07222E-23 2.32568E-24 2.95865E-26 1.62113E-28 3.18247E-31 1.82909E-34
 2.42366E-38 5.56230E-43 1.55908E-48 3.54390E-55 4.14491E-63 1.41229E-72 7.31539E-84 2.73323E-97
 1.00000-100 1.00000-100 1.00000-100 1.00000-100 2.78392E+01 2.40409E+01 2.47300E+01 2.58569E+01
 2.71925E+01 2.79216E+01 2.76975E+01 2.69603E+01 2.54949E+01 2.36568E+01 2.19457E+01 2.02708E+01
 1.76546E+01 1.51701E+01 1.25455E+01 1.00051E+01 8.14146E+00 6.99453E+00 6.20460E+00 5.80554E+00
 5.61759E+00 5.49144E+00 5.54952E+00 5.76485E+00 5.46088E+00 4.19776E+00 3.21818E+00 2.45897E+00
 1.87194E+00 1.41970E+00 1.07084E+00 8.04311E-01 6.00053E-01 4.39505E-01 3.19161E-01 2.30428E-01
 1.65901E-01 1.18928E-01 8.47619E-02 6.01498E-02 4.24518E-02 2.97701E-02 2.08671E-02 1.47200E-02
 1.03477E-02 7.23710E-03 5.04367E-03 3.50213E-03 2.43290E-03 1.68572E-03 1.15747E-03 7.92401E-04
 5.44825E-04 3.74705E-04 2.55754E-04 1.72957E-04 1.16309E-04 7.77370E-05 5.13583E-05 3.35884E-05
 2.17701E-05 1.39537E-05 8.84281E-06 5.86225E-06 3.55542E-06 2.10845E-06 1.26283E-06 7.29035E-07
 4.15141E-07 2.28757E-07 1.23778E-07 6.37850E-08 3.04772E-08 1.30690E-08 4.99124E-09 1.64122E-09
 4.58671E-10 1.03974E-10 1.87183E-11 2.50885E-12 2.42001E-13 1.53419E-14 6.07017E-16 1.31552E-17
 1.42096E-19 6.61823E-22 1.08197E-24 5.17888E-28 5.71967E-32 1.09461E-36 2.53604E-42 4.73201E-49
 4.58629E-57 1.28999E-66 5.52369E-78 1.71623E-91 5.19310E-95 4.32380E-95 3.62536E-95 3.04538E-95
 0.00000E+00 0.00000E+00 0.00000E+00 0.00000E+00 0.00000E+00 0.00000E+00 0.00000E+00 0.00000E+00
 0.00000E+00 0.00000E+00 0.00000E+00 0.00000E+00 0.00000E+00 0.00000E+00 0.00000E+00 0.00000E+00
 0.00000E+00 0.00000E+00 0.00000E+00 0.00000E+00 0.00000E+00 0.00000E+00 0.00000E+00 0.00000E+00
 0.00000E+00 0.00000E+00 0.00000E+00 0.00000E+00 0.00000E+00 0.00000E+00 0.00000E+00 0.00000E+00
 0.00000E+00 0.00000E+00 0.00000E+00 0.00000E+00 0.00000E+00 0.00000E+00 0.00000E+00 0.00000E+00
 0.00000E+00 0.00000E+00 0.00000E+00 0.00000E+00 0.00000E+00 0.00000E+00 0.00000E+00 0.00000E+00
 0.00000E+00 0.00000E+00 0.00000E+00 0.00000E+00 0.00000E+00 0.00000E+00 0.00000E+00 0.00000E+00
 0.00000E+00 0.00000E+00 0.00000E+00 0.00000E+00 0.00000E+00 0.00000E+00 0.00000E+00 0.00000E+00
 0.00000E+00 0.00000E+00 0.00000E+00 0.00000E+00 0.00000E+00 0.00000E+00 0.00000E+00 0.00000E+00
 0.00000E+00 0.00000E+00 0.00000E+00 0.00000E+00 0.00000E+00 0.00000E+00 0.00000E+00 0.00000E+00
 0.00000E+00 0.00000E+00 0.00000E+00 0.00000E+00 0.00000E+00 0.00000E+00 0.00000E+00 0.00000E+00
 0.00000E+00 0.00000E+00 0.00000E+00 0.00000E+00 0.00000E+00 0.00000E+00 0.00000E+00 0.00000E+00
 0.00000E+00 0.00000E+00 0.00000E+00 0.00000E+00 0.00000E+00 0.00000E+00 0.00000E+00 0.00000E+00
 0.00000E+00 0.00000E+00 0.00000E+00 0.00000E+00 0.00000E+00 0.00000E+00 0.00000E+00 0.00000E+00
 0.00000E+00 0.00000E+00 0.00000E+00 0.00000E+00 0.00000E+00 0.00000E+00 0.00000E+00 0.00000E+00
 0.00000E+00 0.00000E+00 0.00000E+00 0.00000E+00 0.00000E+00 0.00000E+00 0.00000E+00 0.00000E+00
 0.00000E+00 0.00000E+00 0.00000E+00 0.00000E+00 0.00000E+00 0.00000E+00 0.00000E+00 0.00000E+00
 0.00000E+00 0.00000E+00 0.00000E+00 0.00000E+00 0.00000E+00 0.00000E+00 0.00000E+00 0.00000E+00
 0.00000E+00 0.00000E+00 0.00000E+00 0.00000E+00 0.00000E+00 0.00000E+00 0.00000E+00 0.00000E+00
 0.00000E+00 0.00000E+00 0.00000E+00 0.00000E+00 0.00000E+00 0.00000E+00 0.00000E+00 0.00000E+00
 0.00000E+00 0.00000E+00 0.00000E+00 0.00000E+00 0.00000E+00 0.00000E+00 0.00000E+00 0.00000E+00
 0.00000E+00 0.00000E+00 0.00000E+00 0.00000E+00 0.00000E+00 0.00000E+00 0.00000E+00 0.00000E+00
 0.00000E+00 0.00000E+00 0.00000E+00 0.00000E+00 0.00000E+00 0.00000E+00 0.00000E+00 0.00000E+00
 0.00000E+00 0.00000E+00 0.00000E+00 0.00000E+00 0.00000E+00 0.00000E+00 0.00000E+00 0.00000E+00
 0.00000E+00 0.00000E+00 0.00000E+00 0.00000E+00 0.00000E+00 0.00000E+00 0.00000E+00 0.00000E+00
 7.47848E-04 8.19237E-04 8.99230E-04 9.87719E-04 1.07900E-03 1.17910E-03 1.29400E-03 1.42241E-03
 1.57343E-03 1.75098E-03 1.96018E-03 2.22134E-03 2.51988E-03 2.85350E-03 3.24611E-03 3.70954E-03
 4.17545E-03 4.59029E-03 4.98908E-03 5.33547E-03 5.66818E-03 6.02299E-03 6.35740E-03 6.67778E-03
 7.26246E-03 8.48335E-03 9.90527E-03 1.15619E-02 1.34899E-02 1.57215E-02 1.83116E-02 2.13079E-02
 2.47804E-02 2.88575E-02 3.35723E-02 3.90004E-02 4.52140E-02 5.23396E-02 6.05179E-02 6.98723E-02
 8.05678E-02 9.27767E-02 1.06493E-01 1.21603E-01 1.38672E-01 1.57930E-01 1.79635E-01 2.04054E-01
 2.31280E-01 2.61873E-01 2.96504E-01 3.35703E-01 3.79733E-01 4.29601E-01 4.86672E-01 5.52078E-01
 6.27147E-01 7.13438E-01 8.12784E-01 9.27339E-01 1.05965E+00 1.21272E+00 1.39011E+00 1.58091E+00
 1.82960E+00 2.11895E+00 2.43929E+00 2.82240E+00 3.26356E+00 3.78617E+00 4.39237E+00 5.12279E+00
 5.97777E+00 6.99335E+00 8.18690E+00 9.60947E+00 1.12857E+01 1.32907E+01 1.56602E+01 1.85059E+01
 2.18780E+01 2.59487E+01 3.07745E+01 3.66379E+01 4.36445E+01 5.20678E+01 6.23322E+01 7.46160E+01
 8.92888E+01 1.06822E+02 1.27848E+02 1.52970E+02 1.82640E+02 2.17999E+02 2.59863E+02 3.09181E+02
 3.68042E+02 4.36569E+02 5.15314E+02 6.07244E+02 0.00000E+00 0.00000E+00 0.00000E+00 0.00000E+00
 0.00000E+00 0.00000E+00 0.00000E+00 0.00000E+00 0.00000E+00 0.00000E+00 0.00000E+00 0.00000E+00
 0.00000E+00 0.00000E+00 0.00000E+00 0.00000E+00 0.00000E+00 0.00000E+00 0.00000E+00 0.00000E+00
 0.00000E+00 0.00000E+00 0.00000E+00 0.00000E+00 0.00000E+00 0.00000E+00 0.00000E+00 0.00000E+00
 0.00000E+00 0.00000E+00 0.00000E+00 0.00000E+00 0.00000E+00 0.00000E+00 0.00000E+00 0.00000E+00
 0.00000E+00 0.00000E+00 0.00000E+00 0.00000E+00 0.00000E+00 0.00000E+00 0.00000E+00 0.00000E+00
 0.00000E+00 0.00000E+00 0.00000E+00 0.00000E+00 0.00000E+00 0.00000E+00 0.00000E+00 0.00000E+00
 0.00000E+00 0.00000E+00 0.00000E+00 0.00000E+00 0.00000E+00 0.00000E+00 0.00000E+00 0.00000E+00
 0.00000E+00 0.00000E+00 0.00000E+00 0.00000E+00 0.00000E+00 0.00000E+00 0.00000E+00 0.00000E+00
 0.00000E+00 0.00000E+00 0.00000E+00 0.00000E+00 0.00000E+00 0.00000E+00 0.00000E+00 0.00000E+00
 0.00000E+00 0.00000E+00 0.00000E+00 0.00000E+00 0.00000E+00 0.00000E+00 0.00000E+00 0.00000E+00
 0.00000E+00 0.00000E+00 0.00000E+00 0.00000E+00 0.00000E+00 0.00000E+00 0.00000E+00 0.00000E+00
 0.00000E+00 0.00000E+00 0.00000E+00 0.00000E+00 0.00000E+00 0.00000E+00 0.00000E+00 0.00000E+00
 0.00000E+00 0.00000E+00 0.00000E+00 0.00000E+00 0.00000E+00 0.00000E+00 0.00000E+00 0.00000E+00
 0.00000E+00 0.00000E+00 0.00000E+00 0.00000E+00 0.00000E+00 0.00000E+00 0.00000E+00 0.00000E+00
 0.00000E+00 0.00000E+00 0.00000E+00 0.00000E+00 0.00000E+00 0.00000E+00 0.00000E+00 0.00000E+00
 0.00000E+00 0.00000E+00 0.00000E+00 0.00000E+00 0.00000E+00 0.00000E+00 0.00000E+00 0.00000E+00
 0.00000E+00 0.00000E+00 0.00000E+00 0.00000E+00 0.00000E+00 0.00000E+00 0.00000E+00 0.00000E+00
 0.00000E+00 0.00000E+00 0.00000E+00 0.00000E+00 0.00000E+00 0.00000E+00 0.00000E+00 0.00000E+00
 0.00000E+00 0.00000E+00 0.00000E+00 0.00000E+00 0.00000E+00 0.00000E+00 0.00000E+00 0.00000E+00
 0.00000E+00 0.00000E+00 0.00000E+00 0.00000E+00 0.00000E+00 0.00000E+00 0.00000E+00 0.00000E+00
 0.00000E+00 0.00000E+00 0.00000E+00 0.00000E+00 0.00000E+00 0.00000E+00 0.00000E+00 0.00000E+00
 0.00000E+00 0.00000E+00 0.00000E+00 0.00000E+00 0.00000E+00 0.00000E+00 0.00000E+00 0.00000E+00
 0.00000E+00 0.00000E+00 0.00000E+00 0.00000E+00 0.00000E+00 0.00000E+00 0.00000E+00 0.00000E+00
 0.00000E+00 0.00000E+00 0.00000E+00 0.00000E+00 0.00000E+00 0.00000E+00 0.00000E+00 0.00000E+00
 0.00000E+00 0.00000E+00 0.00000E+00 0.00000E+00 1.89302E-05 1.89302E-05 1.89302E-05 1.89302E-05
 1.89302E-05 1.89302E-05 1.89302E-05 1.89302E-05 1.89302E-05 1.89302E-05 1.89302E-05 1.89302E-05
 1.89302E-05 1.89302E-05 1.89302E-05 1.89302E-05 1.86145E-05 1.78554E-05 1.68848E-05 1.56657E-05
 1.43896E-05 1.31513E-05 1.19188E-05 1.07373E-05 1.00000E-05 1.00000E-05 1.00000E-05 1.00000E-05
 1.00000E-05 1.00000E-05 1.00000E-05 1.00000E-05 1.00000E-05 1.00000E-05 1.00000E-05 1.00000E-05
 1.00000E-05 1.00000E-05 1.00000E-05 1.00000E-05 1.00000E-05 1.00000E-05 1.00000E-05 1.00000E-05
 1.00000E-05 1.00000E-05 1.00000E-05 1.00000E-05 1.00000E-05 1.00000E-05 1.00000E-05 1.00000E-05
 1.00000E-05 1.00000E-05 1.00000E-05 1.00000E-05 1.00000E-05 1.00000E-05 1.00000E-05 1.00000E-05
 1.00000E-05 1.00000E-05 1.00000E-05 1.00000E-05 1.00000E-05 1.00000E-05 1.00000E-05 1.00000E-05
 1.00000E-05 1.00000E-05 1.00000E-05 1.00000E-05 1.00000E-05 1.00000E-05 1.00000E-05 1.00000E-05
 1.00000E-05 1.00000E-05 1.00000E-05 1.00000E-05 1.00000E-05 1.00000E-05 1.00000E-05 1.00000E-05
 1.00000E-05 1.00000E-05 1.00000E-05 1.00000E-05 1.00000E-05 1.00000E-05 1.00000E-05 1.00000E-05
 1.00000E-05 1.00000E-05 1.00000E-05 1.00000E-05 1.00000E-05 1.00000E-05 1.00000E-05 1.00000E-05
 0.00000E+00 0.00000E+00 0.00000E+00 0.00000E+00 0.00000E+00 0.00000E+00 0.00000E+00 0.00000E+00
 0.00000E+00 0.00000E+00 0.00000E+00 0.00000E+00 0.00000E+00 0.00000E+00 0.00000E+00 0.00000E+00
 0.00000E+00 0.00000E+00 0.00000E+00 0.00000E+00 0.00000E+00 0.00000E+00 0.00000E+00 0.00000E+00
 0.00000E+00 0.00000E+00 0.00000E+00 0.00000E+00 0.00000E+00 0.00000E+00 0.00000E+00 0.00000E+00
 0.00000E+00 0.00000E+00 0.00000E+00 0.00000E+00 0.00000E+00 0.00000E+00 0.00000E+00 0.00000E+00
 0.00000E+00 0.00000E+00 0.00000E+00 0.00000E+00 0.00000E+00 0.00000E+00 0.00000E+00 0.00000E+00
 0.00000E+00 0.00000E+00 0.00000E+00 0.00000E+00 0.00000E+00 0.00000E+00 0.00000E+00 0.00000E+00
 0.00000E+00 0.00000E+00 0.00000E+00 0.00000E+00 0.00000E+00 0.00000E+00 0.00000E+00 0.00000E+00
 0.00000E+00 0.00000E+00 0.00000E+00 0.00000E+00 0.00000E+00 0.00000E+00 0.00000E+00 0.00000E+00
 0.00000E+00 0.00000E+00 0.00000E+00 0.00000E+00 0.00000E+00 0.00000E+00 0.00000E+00 0.00000E+00
 0.00000E+00 0.00000E+00 0.00000E+00 0.00000E+00 0.00000E+00 0.00000E+00 0.00000E+00 0.00000E+00
 0.00000E+00 0.00000E+00 0.00000E+00 0.00000E+00 0.00000E+00 0.00000E+00 0.00000E+00 0.00000E+00
 0.00000E+00 0.00000E+00 0.00000E+00 0.00000E+00 0.00000E+00 0.00000E+00 0.00000E+00 0.00000E+00
 0.00000E+00 0.00000E+00 0.00000E+00 0.00000E+00 0.00000E+00 0.00000E+00 0.00000E+00 0.00000E+00
 0.00000E+00 0.00000E+00 0.00000E+00 0.00000E+00 0.00000E+00 0.00000E+00 0.00000E+00 0.00000E+00
 0.00000E+00 0.00000E+00 0.00000E+00 0.00000E+00 0.00000E+00 0.00000E+00 0.00000E+00 0.00000E+00
 0.00000E+00 0.00000E+00 0.00000E+00 0.00000E+00 0.00000E+00 0.00000E+00 0.00000E+00 0.00000E+00
 0.00000E+00 0.00000E+00 0.00000E+00 0.00000E+00 0.00000E+00 0.00000E+00 0.00000E+00 0.00000E+00
 0.00000E+00 0.00000E+00 0.00000E+00 0.00000E+00 0.00000E+00 0.00000E+00 0.00000E+00 0.00000E+00
 0.00000E+00 0.00000E+00 0.00000E+00 0.00000E+00 0.00000E+00 0.00000E+00 0.00000E+00 0.00000E+00
 0.00000E+00 0.00000E+00 0.00000E+00 0.00000E+00 0.00000E+00 0.00000E+00 0.00000E+00 0.00000E+00
 0.00000E+00 0.00000E+00 0.00000E+00 0.00000E+00 0.00000E+00 0.00000E+00 0.00000E+00 0.00000E+00
 0.00000E+00 0.00000E+00 0.00000E+00 0.00000E+00 0.00000E+00 0.00000E+00 0.00000E+00 0.00000E+00
 0.00000E+00 0.00000E+00 0.00000E+00 0.00000E+00 0.00000E+00 0.00000E+00 0.00000E+00 0.00000E+00
 0.00000E+00 0.00000E+00 0.00000E+00 0.00000E+00 0.00000E+00 0.00000E+00 0.00000E+00 0.00000E+00
