 1.81237E-10 4.64915E-17 1.37068E-02 7.45097E-14 1.42169E-11 1.40487E-09 1.30161E-08 9.93315E-21
 5.50000E-07 1.60000E-06 9.00000E-08 1.10469E-09 8.26535E-12 3.00000E-07 3.65029E-12 7.43238E-12
 2.93728E-14 6.60168E-11 1.42760E-13 3.40018E-15 1.52688E-17 2.10000E-01 1.76614E-12 4.61021E-18
 4.75942E-20 2.61195E-11 2.30621E-12 5.31896E-14 3.00000E-04 1.87206E-10 6.61153E-17 8.90557E-03
 9.06943E-14 1.43823E-11 1.43370E-09 1.58894E-08 1.11031E-20 5.50502E-07 1.59374E-06 7.97137E-08
 1.09151E-09 8.11570E-12 2.99950E-07 4.53614E-12 8.56146E-12 3.95884E-14 1.01000E-10 3.60407E-13
 4.09350E-15 3.27191E-17 2.10005E-01 1.79818E-12 5.30867E-18 7.23420E-20 4.44062E-11 4.56201E-12
 6.51270E-14 3.04580E-04 1.84721E-10 9.76421E-17 5.65232E-03 1.09898E-13 1.43288E-11 1.39051E-09
 2.01403E-08 1.24110E-20 5.51065E-07 1.58838E-06 7.09371E-08 1.00320E-09 7.72134E-12 2.99896E-07
 5.64864E-12 1.00272E-11 5.30404E-14 1.46188E-10 9.46704E-13 5.25340E-15 7.77944E-17 2.10009E-01
 1.85227E-12 6.01094E-18 1.09023E-19 5.98280E-11 7.08924E-12 7.60124E-14 3.09070E-04 1.72973E-10
 1.44141E-16 3.35188E-03 1.28282E-13 1.37432E-11 1.24190E-09 2.55322E-08 1.34568E-20 5.51633E-07
 1.58390E-06 6.35119E-08 8.32922E-10 6.81501E-12 2.99836E-07 7.28633E-12 1.19756E-11 7.06470E-14
 1.92303E-10 2.53544E-12 6.58043E-15 1.96994E-16 2.10013E-01 1.96501E-12 6.67800E-18 1.64012E-19
 7.37881E-11 9.54363E-12 8.96541E-14 3.13412E-04 1.54679E-10 2.08236E-16 1.89723E-03 1.45698E-13
 1.27090E-11 1.03327E-09 3.16674E-08 1.42999E-20 5.52166E-07 1.58023E-06 5.72673E-08 6.34084E-10
 5.63469E-12 2.99769E-07 9.53567E-12 1.41655E-11 9.25450E-14 2.33528E-10 6.71189E-12 7.75145E-15
 4.86394E-16 2.10017E-01 2.15726E-12 7.47915E-18 2.50794E-19 8.74012E-11 1.17970E-11 1.06992E-13
 3.17536E-04 1.31267E-10 2.91974E-16 1.04276E-03 1.60031E-13 1.13328E-11 8.10344E-10 3.80724E-08
 1.48168E-20 5.52632E-07 1.57729E-06 5.20601E-08 4.53079E-10 4.45713E-12 2.99695E-07 1.20153E-11
 1.56894E-11 1.12467E-13 2.64460E-10 1.61483E-11 8.38567E-15 1.06147E-15 2.10021E-01 2.45926E-12
 8.49839E-18 3.88981E-19 1.01438E-10 1.36420E-11 1.29538E-13 3.21354E-04 1.04196E-10 3.97624E-16
 5.55201E-04 1.65048E-13 9.72620E-12 6.05407E-10 4.43926E-08 1.45721E-20 5.53020E-07 1.57494E-06
 4.77714E-08 3.11251E-10 3.42859E-12 2.99613E-07 1.37828E-11 1.53789E-11 1.16535E-13 2.82473E-10
 3.10912E-11 8.19999E-15 1.90718E-15 2.10025E-01 2.90575E-12 9.53158E-18 5.92547E-19 1.15920E-10
 1.47020E-11 1.59009E-13 3.24756E-04 7.91637E-11 5.30308E-16 2.85598E-04 1.63236E-13 8.08954E-12
 4.34397E-10 5.05638E-08 1.39059E-20 5.53326E-07 1.57304E-06 4.42604E-08 2.06235E-10 2.55045E-12
 2.99521E-07 1.52911E-11 1.42345E-11 1.11633E-13 2.92054E-10 4.58616E-11 7.60130E-15 3.16154E-15
 2.10027E-01 3.44312E-12 1.04060E-17 8.75937E-19 1.28912E-10 1.48963E-11 1.92324E-13 3.27606E-04
 6.06561E-11 6.98186E-16 1.41515E-04 1.66028E-13 6.57941E-12 3.01922E-10 5.66488E-08 1.37938E-20
 5.53556E-07 1.57143E-06 4.13878E-08 1.30418E-10 1.80314E-12 2.99418E-07 1.85415E-11 1.41247E-11
 1.19587E-13 3.00232E-10 5.34865E-11 7.22594E-15 5.88782E-15 2.10029E-01 3.85684E-12 1.11422E-17
 1.27159E-18 1.36109E-10 1.44840E-11 2.17122E-13 3.29735E-04 4.75015E-11 9.15511E-16 6.73966E-05
 1.78154E-13 5.24645E-12 2.04370E-10 6.29541E-08 1.45544E-20 5.53728E-07 1.56994E-06 3.89449E-08
 7.85801E-11 1.21755E-12 2.99296E-07 2.46232E-11 1.51547E-11 1.47177E-13 3.11165E-10 5.20824E-11
 7.23813E-15 1.21958E-14 2.10031E-01 3.75532E-12 1.09869E-17 1.70853E-18 1.31348E-10 1.33527E-11
 2.10741E-13 3.31002E-04 3.57321E-11 1.23356E-15 3.07016E-05 1.90025E-13 3.98314E-12 1.24625E-10
 7.16170E-08 1.51871E-20 5.53880E-07 1.56800E-06 3.62889E-08 4.16211E-11 7.80784E-13 2.99100E-07
 3.27996E-11 1.64345E-11 1.79963E-13 3.30638E-10 4.39004E-11 7.42612E-15 2.45542E-14 2.10031E-01
 1.68717E-12 4.88713E-18 1.15771E-18 9.49348E-11 1.01915E-11 1.06286E-13 3.31006E-04 2.47414E-11
 1.80676E-15 1.21826E-05 1.89600E-13 2.51013E-12 5.67000E-11 8.81604E-08 1.44286E-20 5.54025E-07
 1.56432E-06 3.26218E-08 1.59714E-11 4.13305E-13 2.98658E-07 4.83011E-11 2.05593E-11 2.26411E-13
 3.80651E-10 3.34904E-11 7.61816E-15 5.09341E-14 2.10030E-01 5.74888E-13 1.45449E-18 5.35220E-19
 5.94387E-11 6.00863E-12 3.79822E-14 3.31013E-04 1.99075E-11 3.41769E-15 9.82613E-06 1.83628E-13
 1.79271E-12 2.10469E-11 1.21870E-07 1.39003E-20 5.54069E-07 1.55665E-06 2.78653E-08 5.91742E-12
 2.96520E-13 2.97615E-07 6.44315E-11 3.04742E-11 2.27061E-13 4.97418E-10 2.98286E-11 8.10685E-15
 8.14120E-14 2.10030E-01 1.40688E-13 2.69186E-19 1.28065E-19 3.10178E-11 2.54016E-12 9.87897E-15
 3.31024E-04 1.72470E-11 7.18878E-15 9.85545E-06 1.85866E-13 1.39867E-12 8.48446E-12 1.86851E-07
 1.34573E-20 5.53731E-07 1.54183E-06 2.25059E-08 2.65962E-12 2.24243E-13 2.95396E-07 8.63072E-11
 5.17257E-11 2.37484E-13 7.45484E-10 3.28965E-11 1.06869E-14 1.62194E-13 2.10030E-01 2.45132E-14
 3.33522E-20 2.30211E-20 1.32398E-11 8.72507E-13 1.80211E-15 3.31041E-04 1.52818E-11 1.55582E-14
 9.90362E-06 1.91446E-13 1.19972E-12 4.67688E-12 2.94726E-07 1.30632E-20 5.52570E-07 1.51774E-06
 1.76457E-08 1.47687E-12 1.70953E-13 2.91500E-07 1.16557E-10 9.25351E-11 2.53809E-13 1.17774E-09
 4.19623E-11 1.58841E-14 3.79537E-13 2.10029E-01 3.39663E-15 3.18497E-21 3.78869E-21 4.92174E-12
 2.66301E-13 2.48751E-16 3.31065E-04 1.40955E-11 3.26157E-14 9.97094E-06 2.06684E-13 1.18504E-12
 3.67714E-12 4.50248E-07 1.35144E-20 5.50222E-07 1.48441E-06 1.39209E-08 1.02466E-12 1.39520E-13
 2.85765E-07 1.53563E-10 1.57801E-10 2.76259E-13 1.80573E-09 5.72065E-11 2.49133E-14 8.86242E-13
 2.10027E-01 4.14081E-16 2.83733E-22 1.04730E-21 1.71086E-12 7.97734E-14 2.83905E-17 3.31094E-04
 1.36071E-11 6.55372E-14 1.00571E-05 2.35486E-13 1.32633E-12 3.79680E-12 6.59179E-07 1.52362E-20
 5.46413E-07 1.44210E-06 1.12836E-08 8.69900E-13 1.24210E-13 2.78110E-07 1.95049E-10 2.49580E-10
 3.04745E-13 2.63005E-09 7.95078E-11 3.94494E-14 1.92373E-12 2.10026E-01 4.59282E-17 2.50099E-23
 6.51866E-22 5.70623E-13 2.42292E-14 2.78797E-18 3.31129E-04 1.36614E-11 1.25895E-13 1.01589E-05
 2.81339E-13 1.61934E-12 4.68343E-12 9.22307E-07 1.87331E-20 5.41071E-07 1.39249E-06 9.53253E-09
 8.60555E-13 1.19680E-13 2.68746E-07 2.39159E-10 3.64831E-10 3.39030E-13 3.61717E-09 1.08484E-10
 6.06795E-14 3.72388E-12 2.10023E-01 4.78999E-18 2.25862E-24 5.24231E-22 1.87644E-13 7.61210E-15
 2.47692E-19 3.31168E-04 1.41309E-11 2.32941E-13 1.02733E-05 3.49138E-13 2.09158E-12 6.45665E-12
 1.24231E-06 2.47984E-20 5.34208E-07 1.33714E-06 8.40435E-09 9.45552E-13 1.22704E-13 2.57903E-07
 2.85134E-10 4.99644E-10 3.79614E-13 4.73084E-09 1.43343E-10 8.96263E-14 6.44036E-12 2.10021E-01
 4.75556E-19 2.08824E-25 4.14948E-22 6.15226E-14 2.47737E-15 2.05368E-20 3.31210E-04 1.49613E-11
 4.17456E-13 1.03961E-05 4.47360E-13 2.80425E-12 9.56198E-12 1.61946E-06 3.48960E-20 5.25982E-07
 1.27808E-06 7.69364E-09 1.11680E-12 1.32101E-13 2.45949E-07 3.32873E-10 6.48776E-10 4.28347E-13
 5.92086E-09 1.82353E-10 1.26817E-13 1.00429E-11 2.10018E-01 4.54883E-20 1.98223E-26 3.14062E-22
 2.03318E-14 8.42141E-16 1.63639E-21 3.31254E-04 1.61428E-11 7.27549E-13 1.05227E-05 5.89424E-13
 3.85508E-12 1.48978E-11 2.05085E-06 5.16589E-20 5.16667E-07 1.21756E-06 7.25944E-09 1.39034E-12
 1.47728E-13 2.33335E-07 3.83101E-10 8.07017E-10 4.88500E-13 7.13025E-09 2.23148E-10 1.72244E-13
 1.42993E-11 2.10015E-01 4.24344E-21 1.94274E-27 2.30874E-22 6.86157E-15 3.07603E-16 1.28560E-22
 3.31298E-04 1.82772E-11 1.26595E-12 1.06514E-05 8.05219E-13 5.64664E-12 2.54232E-11 2.53963E-06
 8.24115E-20 5.06390E-07 1.15641E-06 7.01487E-09 1.93738E-12 1.81650E-13 2.20247E-07 4.27904E-10
 9.73963E-10 5.50108E-13 8.33217E-09 2.70466E-10 2.35499E-13 1.95306E-11 2.10011E-01 3.80748E-22
 1.93640E-28 1.59533E-22 2.36586E-15 1.42696E-16 9.87425E-24 3.31342E-04 2.08729E-11 2.16980E-12
 1.07810E-05 1.12009E-12 8.35091E-12 4.39156E-11 3.09310E-06 1.35993E-19 4.95232E-07 1.09519E-06
 6.87374E-09 2.73633E-12 2.27329E-13 2.06818E-07 4.76609E-10 1.15491E-09 6.27374E-13 9.49665E-09
 3.18500E-10 3.15223E-13 2.54020E-11 2.10008E-01 3.24907E-23 1.90297E-29 1.07775E-22 8.30167E-16
 1.38220E-16 7.33150E-25 3.31385E-04 2.38990E-11 3.67247E-12 1.09103E-05 1.57986E-12 1.23610E-11
 7.52162E-11 3.71717E-06 2.30911E-19 4.83288E-07 1.03443E-06 6.78333E-09 3.82858E-12 2.85908E-13
 1.93183E-07 5.33223E-10 1.35790E-09 7.27749E-13 1.05932E-08 3.64967E-10 4.14462E-13 3.18183E-11
 2.10004E-01 2.61285E-24 1.81542E-30 7.17044E-23 2.95952E-16 2.79753E-16 5.21397E-26 3.31427E-04
 2.72933E-11 6.15321E-12 1.10392E-05 2.24945E-12 1.81696E-11 1.25711E-10 4.41828E-06 4.03160E-19
 4.70588E-07 9.74247E-07 6.71232E-09 5.21662E-12 3.57368E-13 1.79397E-07 6.03173E-10 1.59606E-09
 8.61040E-13 1.15939E-08 4.07977E-10 5.37121E-13 3.87664E-11 2.10000E-01 1.95517E-25 1.65597E-31
 4.71600E-23 1.06925E-16 4.68671E-16 3.51200E-27 3.31468E-04 3.09869E-11 1.02245E-11 1.11677E-05
 3.22336E-12 2.63721E-11 2.02574E-10 5.19896E-06 7.27458E-19 4.57122E-07 9.14568E-07 6.64296E-09
 6.83951E-12 4.40621E-13 1.65480E-07 6.93515E-10 1.88667E-09 1.04152E-12 1.24688E-08 4.45697E-10
 6.87867E-13 4.62223E-11 2.09996E-01 1.34210E-26 1.47379E-32 3.08257E-23 3.92294E-17 5.36236E-16
 2.28898E-28 3.31507E-04 3.48801E-11 1.68571E-11 1.12964E-05 4.64101E-12 3.76231E-11 3.11785E-10
 6.05385E-06 1.36810E-18 4.42850E-07 8.55162E-07 6.56430E-09 8.55140E-12 5.32925E-13 1.51429E-07
 8.13757E-10 2.24985E-09 1.29139E-12 1.31850E-08 4.75683E-10 8.70731E-13 5.39591E-11 2.09991E-01
 8.31011E-28 1.73831E-33 2.04470E-23 1.48955E-17 5.60426E-16 1.95504E-29 3.31546E-04 3.88441E-11
 2.75357E-11 1.14246E-05 6.70726E-12 5.25275E-11 4.54093E-10 6.95651E-06 2.70464E-18 4.27864E-07
 7.96305E-07 6.46925E-09 1.01288E-11 6.30455E-13 1.37385E-07 9.76421E-10 2.70352E-09 1.64304E-12
 1.36990E-08 4.93800E-10 1.08570E-12 6.12033E-11 2.09987E-01 4.60405E-29 6.86780E-34 1.49580E-23
 6.36206E-18 5.68808E-16 5.54074E-30 3.31583E-04 4.26746E-11 4.44764E-11 1.15520E-05 9.72555E-12
 7.15160E-11 6.21627E-10 7.86563E-06 5.64336E-18 4.12231E-07 7.38103E-07 6.35096E-09 1.13215E-11
 7.28457E-13 1.23467E-07 1.19725E-09 3.25831E-09 2.14384E-12 1.39753E-08 4.95261E-10 1.32622E-12
 6.66318E-11 2.09982E-01 2.28742E-30 7.51025E-34 1.43865E-23 3.64518E-18 5.71364E-16 4.33970E-30
 3.31618E-04 4.61226E-11 7.10163E-11 1.16796E-05 1.41468E-11 9.48291E-11 7.97818E-10 8.73221E-06
 1.24124E-17 3.95883E-07 6.80066E-07 6.20231E-09 1.19488E-11 8.23355E-13 1.09677E-07 1.49459E-09
 3.91350E-09 2.85755E-12 1.39941E-08 4.76728E-10 1.58052E-12 6.87914E-11 2.09977E-01 1.49285E-31
 1.32899E-33 2.03105E-23 3.13523E-18 5.71705E-16 6.24338E-30 3.31652E-04 4.89204E-11 1.11917E-10
 1.18063E-05 2.06254E-11 1.22158E-10 9.55697E-10 9.48575E-06 2.85202E-17 3.79051E-07 6.22700E-07
 6.02087E-09 1.19179E-11 9.12340E-13 9.62707E-08 1.89022E-09 4.64230E-09 3.86914E-12 1.37375E-08
 4.36341E-10 1.82505E-12 6.63316E-11 2.09972E-01 1.06560E-31 2.99948E-33 3.67344E-23 3.54021E-18
 5.71120E-16 8.64916E-30 3.31684E-04 5.08285E-11 1.73927E-10 1.19301E-05 3.00858E-11 1.52475E-10
 1.06464E-09 1.00547E-05 6.75445E-17 3.62104E-07 5.66774E-07 5.81163E-09 1.12528E-11 9.93255E-13
 8.35644E-08 2.40907E-09 5.39143E-09 5.28454E-12 1.32029E-08 3.76674E-10 2.02988E-12 5.90447E-11
 2.09968E-01 2.02733E-31 7.15529E-33 7.09613E-23 4.38453E-18 5.70087E-16 1.43156E-29 3.31713E-04
 5.16102E-11 2.66271E-10 1.20509E-05 4.37904E-11 1.83702E-10 1.09911E-09 1.03712E-05 1.62426E-16
 3.45224E-07 5.12243E-07 5.58988E-09 1.00436E-11 1.06027E-12 7.16714E-08 3.08493E-09 6.09237E-09
 7.24019E-12 1.23995E-08 3.04868E-10 2.16403E-12 4.82406E-11 2.09963E-01 3.78308E-31 1.66379E-32
 1.35399E-22 5.51866E-18 5.68752E-16 2.27819E-29 3.31739E-04 5.27520E-11 4.10251E-10 1.21680E-05
 6.30885E-11 2.16579E-10 1.06240E-09 1.03156E-05 4.01505E-16 3.28736E-07 4.59329E-07 5.40874E-09
 8.84761E-12 1.15856E-12 6.07397E-08 3.93218E-09 6.76080E-09 9.52308E-12 1.12626E-08 2.33630E-10
 2.26780E-12 3.68137E-11 2.09959E-01 6.82738E-31 3.78585E-32 2.38849E-22 6.96785E-18 5.67091E-16
 3.45166E-29 3.31762E-04 5.29600E-11 6.24163E-10 1.22794E-05 8.96686E-11 2.46107E-10 9.57544E-10
 9.97341E-06 9.82007E-16 3.13188E-07 4.08688E-07 5.23262E-09 7.47358E-12 1.24870E-12 5.09249E-08
 4.98189E-09 7.24020E-09 1.22546E-11 9.90109E-09 1.67863E-10 2.27072E-12 2.58089E-11 2.09954E-01
 1.14008E-30 8.11197E-32 3.99240E-22 8.70222E-18 5.65131E-16 4.85810E-29 3.31780E-04 5.21429E-11
 9.40214E-10 1.23827E-05 1.25617E-10 2.71512E-10 8.20903E-10 9.45419E-06 2.36267E-15 2.99263E-07
 3.61127E-07 5.04338E-09 6.13238E-12 1.32985E-12 4.23380E-08 6.22191E-09 7.43309E-09 1.53728E-11
 8.41876E-09 1.13805E-10 2.17517E-12 1.66899E-11 2.09950E-01 1.76964E-30 1.63071E-31 6.35826E-22
 1.07022E-17 5.62896E-16 6.35086E-29 3.31794E-04 5.06452E-11 1.41244E-09 1.24754E-05 1.73681E-10
 2.93844E-10 6.83737E-10 8.82811E-06 5.62092E-15 2.87720E-07 3.17509E-07 4.84583E-09 4.98517E-12
 1.41378E-12 3.50329E-08 7.61815E-09 7.29371E-09 1.87221E-11 6.91051E-09 7.33013E-11 2.00562E-12
 1.00135E-11 2.09946E-01 2.60029E-30 3.10524E-31 9.67529E-22 1.29660E-17 5.60387E-16 7.77070E-29
 3.31802E-04 4.87023E-11 2.12784E-09 1.25564E-05 2.37492E-10 3.14476E-10 5.62158E-10 8.12723E-06
 1.33004E-14 2.79183E-07 2.78015E-07 4.64710E-09 4.06394E-12 1.50863E-12 2.89014E-08 9.12639E-09
 6.81430E-09 2.21371E-11 5.45556E-09 4.49695E-11 1.78297E-12 5.56487E-12 2.09942E-01 3.69514E-30
 5.68834E-31 1.41817E-21 1.55493E-17 5.57551E-16 9.00125E-29 3.31806E-04 4.64487E-11 3.22194E-09
 1.26251E-05 3.20578E-10 3.34865E-10 4.62912E-10 7.37121E-06 3.12917E-14 2.74335E-07 2.42669E-07
 4.45584E-09 3.35151E-12 1.61699E-12 2.37974E-08 1.06816E-08 6.03448E-09 2.53283E-11 4.11131E-09
 2.63479E-11 1.52406E-12 2.84253E-12 2.09938E-01 5.20523E-30 1.02062E-30 2.02608E-21 1.86157E-17
 5.54222E-16 1.00313E-28 3.31803E-04 4.39910E-11 4.88478E-09 1.26800E-05 4.23321E-10 3.56578E-10
 3.88303E-10 6.59322E-06 7.22206E-14 2.73988E-07 2.11714E-07 4.28661E-09 2.82586E-12 1.73576E-12
 1.96063E-08 1.21736E-08 5.05364E-09 2.77007E-11 2.92860E-09 1.48833E-11 1.24695E-12 1.32548E-12
 2.09933E-01 7.46148E-30 1.82198E-30 2.85986E-21 2.24808E-17 5.50086E-16 1.09952E-28 3.31795E-04
 4.13812E-11 7.33694E-09 1.27205E-05 5.39749E-10 3.80762E-10 3.36389E-10 5.82954E-06 1.59628E-13
 2.78991E-07 1.85009E-07 4.15520E-09 2.45885E-12 1.85666E-12 1.61764E-08 1.34474E-08 4.01512E-09
 2.84417E-11 1.95506E-09 8.22884E-12 9.73208E-13 5.64025E-13 2.09929E-01 1.11189E-29 3.27016E-30
 4.03811E-21 2.76661E-17 5.44620E-16 1.21531E-28 3.31781E-04 3.86565E-11 1.07721E-08 1.27463E-05
 6.58680E-10 4.07277E-10 3.01780E-10 5.10703E-06 3.30301E-13 2.90269E-07 1.62277E-07 4.07620E-09
 2.21430E-12 1.97127E-12 1.33695E-08 1.43636E-08 3.05629E-09 2.71072E-11 1.22346E-09 4.51908E-12
 7.25789E-13 2.21644E-13 2.09924E-01 1.72667E-29 5.89225E-30 5.73790E-21 3.48169E-17 5.37179E-16
 1.37499E-28 3.31761E-04 3.58682E-11 1.52955E-08 1.27570E-05 7.69148E-10 4.34619E-10 2.78165E-10
 4.44336E-06 6.32391E-13 3.08581E-07 1.43331E-07 4.06231E-09 2.05320E-12 2.07344E-12 1.10914E-08
 1.48769E-08 2.26149E-09 2.40699E-11 7.26792E-10 2.49249E-12 5.21454E-13 8.24540E-14 2.09918E-01
 2.73690E-29 1.04934E-29 8.18404E-21 4.44789E-17 5.27218E-16 1.58768E-28 3.31736E-04 3.31603E-11
 2.09432E-08 1.27529E-05 8.64216E-10 4.60857E-10 2.60058E-10 3.84337E-06 1.12336E-12 3.34374E-07
 1.27835E-07 4.12619E-09 1.94662E-12 2.16764E-12 9.25787E-09 1.50387E-08 1.65205E-09 2.01295E-11
 4.16794E-10 1.38811E-12 3.65183E-13 2.98259E-14 2.09913E-01 4.29897E-29 1.81113E-29 1.15716E-20
 5.69428E-17 5.14451E-16 1.84342E-28 3.31707E-04 3.05437E-11 2.77049E-08 1.27347E-05 9.42069E-10
 4.84664E-10 2.44295E-10 3.31285E-06 1.86936E-12 3.68254E-07 1.15156E-07 4.27578E-09 1.87105E-12
 2.25476E-12 7.77038E-09 1.49357E-08 1.20474E-09 1.60961E-11 2.34235E-10 7.82382E-13 2.51892E-13
 1.07152E-14 2.09907E-01 6.53160E-29 2.98439E-29 1.60946E-20 7.23030E-17 4.98781E-16 2.12351E-28
 3.31673E-04 2.80338E-11 3.55974E-08 1.27029E-05 1.00443E-09 5.05657E-10 2.29390E-10 2.85245E-06
 2.95242E-12 4.10923E-07 1.04721E-07 4.52008E-09 1.81347E-12 2.33865E-12 6.55012E-09 1.46508E-08
 8.82709E-10 1.24720E-11 1.30424E-10 4.46237E-13 1.72464E-13 3.87443E-15 2.09901E-01 9.45326E-29
 4.65484E-29 2.18944E-20 9.03843E-17 4.80383E-16 2.40477E-28 3.31636E-04 2.56867E-11 4.47180E-08
 1.26580E-05 1.05474E-09 5.24190E-10 2.14887E-10 2.45780E-06 4.48519E-12 4.62424E-07 9.61820E-08
 4.86538E-09 1.76964E-12 2.42847E-12 5.55154E-09 1.42545E-08 6.52115E-10 9.46321E-12 7.26499E-11
 2.57320E-13 1.17856E-13 1.42152E-15 2.09895E-01 1.29091E-28 6.83723E-29 2.89407E-20 1.10487E-16
 4.59959E-16 2.66003E-28 3.31595E-04 2.34650E-11 5.51972E-08 1.26005E-05 1.09742E-09 5.41221E-10
 2.01435E-10 2.12548E-06 6.62030E-12 5.23157E-07 8.91524E-08 5.31374E-09 1.73318E-12 2.52372E-12
 4.72716E-09 1.37884E-08 4.85969E-10 7.10424E-12 4.08070E-11 1.50119E-13 8.06323E-14 5.31559E-16
 2.09888E-01 1.66408E-28 9.47653E-29 3.72826E-20 1.31898E-16 4.38223E-16 2.88485E-28 3.31552E-04
 2.10695E-11 6.64722E-08 1.25305E-05 1.14105E-09 5.59049E-10 1.92571E-10 1.87571E-06 9.42319E-12
 5.93667E-07 8.33129E-08 5.86523E-09 1.67428E-12 2.54041E-12 4.03895E-09 1.32759E-08 3.64293E-10
 5.46608E-12 2.37119E-11 9.10570E-14 5.55243E-14 2.08612E-16 2.09881E-01 2.05140E-28 1.24769E-28
 4.90254E-20 1.53922E-16 4.15867E-16 3.17822E-28 3.31505E-04 1.88086E-11 7.88290E-08 1.24488E-05
 1.18614E-09 5.77910E-10 1.86410E-10 1.67380E-06 1.31281E-11 6.73572E-07 7.84475E-08 6.55972E-09
 1.60846E-12 2.51928E-12 3.46443E-09 1.27396E-08 2.74793E-10 4.25860E-12 1.41715E-11 5.67070E-14
 3.84358E-14 8.47920E-17 2.09874E-01 2.44020E-28 1.57899E-28 6.46272E-20 1.75967E-16 3.93483E-16
 3.56580E-28 3.31456E-04 1.68461E-11 9.27627E-08 1.23561E-05 1.23137E-09 5.97560E-10 1.80871E-10
 1.49287E-06 1.81261E-11 7.62625E-07 7.43489E-08 7.45378E-09 1.55070E-12 2.50868E-12 2.98252E-09
 1.21925E-08 2.08649E-10 3.30508E-12 8.57343E-12 3.55951E-14 2.66398E-14 3.48969E-17 2.09867E-01
 2.81515E-28 1.93823E-28 8.35435E-20 1.97686E-16 3.71421E-16 4.04369E-28 3.31405E-04 1.51381E-11
 1.08411E-07 1.22537E-05 1.27890E-09 6.18867E-10 1.76382E-10 1.33013E-06 2.48703E-11 8.60029E-07
 7.08718E-08 8.59403E-09 1.49853E-12 2.50720E-12 2.57816E-09 1.16449E-08 1.59547E-10 2.56139E-12
 5.25232E-12 2.25396E-14 1.85008E-14 1.45354E-17 2.09859E-01 3.17177E-28 2.32139E-28 1.06122E-19
 2.18628E-16 3.50133E-16 4.65291E-28 3.31351E-04 1.35224E-11 1.24515E-07 1.21434E-05 1.33534E-09
 6.43826E-10 1.75944E-10 1.20238E-06 3.34311E-11 9.64141E-07 6.79182E-08 1.00146E-08 1.43089E-12
 2.43234E-12 2.24087E-09 1.11076E-08 1.23025E-10 2.04387E-12 3.34212E-12 1.48328E-14 1.30075E-14
 6.36837E-18 2.09851E-01 3.54938E-28 2.73601E-28 1.38561E-19 2.38269E-16 3.30140E-16 5.65212E-28
 3.31297E-04 1.20536E-11 1.41135E-07 1.20267E-05 1.40160E-09 6.73068E-10 1.78963E-10 1.09596E-06
 4.43583E-11 1.07391E-06 6.53750E-08 1.17828E-08 1.35554E-12 2.31029E-12 1.95891E-09 1.05864E-08
 9.58021E-11 1.66584E-12 2.20461E-12 1.00665E-14 9.25664E-15 2.91950E-18 2.09844E-01 3.96442E-28
 3.19421E-28 1.84375E-19 2.56471E-16 3.11578E-16 7.20901E-28 3.31241E-04 1.07883E-11 1.59087E-07
 1.19035E-05 1.47707E-09 7.07128E-10 1.83830E-10 9.93891E-07 5.88791E-11 1.18952E-06 6.31252E-08
 1.40021E-08 1.28586E-12 2.19576E-12 1.72011E-09 1.00809E-08 7.54185E-11 1.35926E-12 1.48307E-12
 6.91625E-15 6.62864E-15 1.36445E-18 2.09836E-01 4.41805E-28 3.70979E-28 2.43269E-19 2.73390E-16
 2.94286E-16 9.39202E-28 3.31184E-04 9.68990E-12 1.78129E-07 1.17734E-05 1.56455E-09 7.47465E-10
 1.90841E-10 8.95432E-07 7.81936E-11 1.31147E-06 6.10790E-08 1.67925E-08 1.22148E-12 2.08497E-12
 1.51503E-09 9.58942E-09 6.01657E-11 1.11120E-12 1.01513E-12 4.82275E-15 4.78465E-15 6.50470E-19
 2.09828E-01 4.94220E-28 4.30943E-28 3.18990E-19 2.89171E-16 2.78114E-16 1.24678E-27 3.31124E-04
 8.73109E-12 1.98043E-07 1.16375E-05 1.66783E-09 7.95975E-10 2.00620E-10 8.00782E-07 1.04002E-10
 1.43878E-06 5.91928E-08 2.02540E-08 1.16148E-12 1.97562E-12 1.33874E-09 9.11649E-09 4.88112E-11
 9.11704E-13 7.09758E-13 3.43028E-15 3.49232E-15 3.18373E-19 2.09819E-01 5.57407E-28 5.02481E-28
 4.16016E-19 3.03742E-16 2.63130E-16 1.68119E-27 3.31063E-04 7.88965E-12 2.18593E-07 1.14973E-05
 1.79114E-09 8.54758E-10 2.13854E-10 7.10473E-07 1.38662E-10 1.57016E-06 5.74368E-08 2.44800E-08
 1.10497E-12 1.86600E-12 1.18743E-09 8.66692E-09 4.04211E-11 7.51945E-13 5.09453E-13 2.50111E-15
 2.58666E-15 1.61176E-19 2.09811E-01 6.35851E-28 5.89671E-28 5.39890E-19 3.17031E-16 2.49402E-16
 2.29670E-27 3.30999E-04 7.14139E-12 2.39550E-07 1.13519E-05 1.93881E-09 9.25947E-10 2.31342E-10
 6.25185E-07 1.85417E-10 1.70648E-06 5.57621E-08 2.96383E-08 1.05057E-12 1.75466E-12 1.05565E-09
 8.23775E-09 3.42495E-11 6.23535E-13 3.75950E-13 1.87402E-15 1.94860E-15 8.46937E-20 2.09802E-01
 7.35474E-28 6.98053E-28 6.97902E-19 3.29198E-16 2.36759E-16 3.17348E-27 3.30934E-04 6.46746E-12
 2.60810E-07 1.12007E-05 2.11506E-09 1.01158E-09 2.53927E-10 5.45804E-07 2.48769E-10 1.84824E-06
 5.41353E-08 3.59158E-08 9.96928E-13 1.64089E-12 9.39701E-10 7.82788E-09 2.97330E-11 5.19749E-13
 2.85508E-13 1.44456E-15 1.49527E-15 4.63109E-20 2.09794E-01 8.62834E-28 8.34063E-28 8.99083E-19
 3.40338E-16 2.25096E-16 4.42664E-27 3.30865E-04 5.85586E-12 2.82487E-07 1.10448E-05 2.32369E-09
 1.11336E-09 2.82441E-10 4.73247E-07 3.35011E-10 1.99442E-06 5.25470E-08 4.34538E-08 9.42825E-13
 1.52491E-12 8.37800E-10 7.44083E-09 2.64462E-11 4.35429E-13 2.23440E-13 1.14518E-15 1.16942E-15
 2.63906E-20 2.09785E-01 1.02414E-27 1.00448E-27 1.15421E-18 3.50417E-16 2.14437E-16 6.21729E-27
 3.30794E-04 5.29490E-12 3.04919E-07 1.08846E-05 2.56798E-09 1.23266E-09 3.18345E-10 4.08143E-07
 4.52964E-10 2.14481E-06 5.09819E-08 5.24411E-08 8.85792E-13 1.40713E-12 7.47850E-10 7.07726E-09
 2.40455E-11 3.66303E-13 1.80376E-13 9.31257E-16 9.30782E-16 1.56323E-20 2.09775E-01 1.22611E-27
 1.21667E-27 1.47655E-18 3.59477E-16 2.04725E-16 8.77050E-27 3.30720E-04 4.75176E-12 3.29138E-07
 1.07198E-05 2.84973E-09 1.36963E-09 3.65288E-10 3.51443E-07 6.15638E-10 2.29958E-06 4.94248E-08
 6.31029E-08 8.19080E-13 1.28217E-12 6.67973E-10 6.73693E-09 2.22314E-11 3.09758E-13 1.51893E-13
 7.80797E-16 7.51564E-16 9.72043E-21 2.09766E-01 1.47812E-27 1.47532E-27 1.88356E-18 3.67576E-16
 1.95885E-16 1.23994E-26 3.30642E-04 4.09226E-12 3.37165E-07 1.05538E-05 3.17178E-09 1.50691E-09
 4.33219E-10 3.33757E-07 7.59454E-10 2.45564E-06 4.78951E-08 7.54251E-08 7.31329E-13 9.80669E-13
 5.98129E-10 6.42500E-09 2.17940E-11 3.00121E-13 1.41001E-13 7.55416E-16 6.87457E-16 7.92180E-21
 2.09756E-01 1.81942E-27 1.80820E-27 3.06817E-18 3.73927E-16 1.88014E-16 2.21684E-26 3.30561E-04
 4.06726E-12 3.70395E-07 1.03842E-05 3.56481E-09 1.70064E-09 4.95270E-10 2.75123E-07 1.08781E-09
 2.61507E-06 4.63596E-08 8.99217E-08 6.76950E-13 9.23969E-13 5.35994E-10 6.15276E-09 2.05597E-11
 2.44559E-13 1.19501E-13 6.25772E-16 5.48104E-16 4.84263E-21 2.09746E-01 2.20902E-27 2.21780E-27
 3.59455E-18 3.80214E-16 1.80858E-16 2.92819E-26 3.30476E-04 4.66178E-12 4.04947E-07 1.02054E-05
 4.03441E-09 1.93356E-09 5.71108E-10 2.24045E-07 1.56504E-09 2.78318E-06 4.47616E-08 1.07299E-07
 6.31163E-13 8.76022E-13 4.78720E-10 5.90503E-09 1.96976E-11 1.99293E-13 1.00543E-13 5.18765E-16
 4.40148E-16 2.88868E-21 2.09735E-01 2.73023E-27 2.75429E-27 4.15134E-18 3.85981E-16 1.74176E-16
 3.84247E-26 3.30384E-04 6.18961E-12 4.31121E-07 1.00184E-05 4.61053E-09 2.20566E-09 6.79329E-10
 1.90173E-07 2.16599E-09 2.95903E-06 4.31091E-08 1.27733E-07 5.79831E-13 7.64554E-13 4.26225E-10
 5.67915E-09 1.96103E-11 1.74422E-13 8.92282E-14 4.65700E-16 3.77800E-16 1.95820E-21 2.09724E-01
 3.48370E-27 3.48603E-27 5.26495E-18 3.90657E-16 1.68013E-16 5.55588E-26 3.30286E-04 9.38131E-12
 4.61232E-07 9.82344E-06 5.34813E-09 2.55842E-09 8.23194E-10 1.56573E-07 3.09458E-09 3.14214E-06
 4.14073E-08 1.51509E-07 5.30519E-13 6.80906E-13 3.78246E-10 5.47732E-09 1.97271E-11 1.51009E-13
 8.11643E-14 4.22498E-16 3.20721E-16 1.33257E-21 2.09712E-01 4.58149E-27 4.51248E-27 6.30258E-18
 3.94885E-16 1.62360E-16 7.71275E-26 3.30180E-04 1.48274E-11 4.86827E-07 9.62021E-06 6.30692E-09
 3.00678E-09 1.01917E-09 1.29821E-07 4.40493E-09 3.33282E-06 3.96585E-08 1.78957E-07 4.81680E-13
 5.86736E-13 3.34355E-10 5.29691E-09 2.04085E-11 1.35595E-13 7.66566E-14 4.00385E-16 2.81464E-16
 9.63782E-22 2.09700E-01 6.24084E-27 6.01664E-27 7.64418E-18 3.98321E-16 1.57178E-16 1.09922E-25
 3.30066E-04 2.30442E-11 5.15200E-07 9.40861E-06 7.53575E-09 3.57662E-09 1.27139E-09 1.05919E-07
 6.40458E-09 3.53092E-06 3.78739E-08 2.10365E-07 4.34768E-13 5.07628E-13 2.94312E-10 5.13737E-09
 2.12326E-11 1.21999E-13 7.35042E-14 3.82164E-16 2.45757E-16 6.99352E-22 2.09687E-01 8.68452E-27
 8.19468E-27 8.92656E-18 4.01358E-16 1.52435E-16 1.52693E-25 3.29944E-04 3.41589E-11 5.42931E-07
 9.18886E-06 9.08691E-09 4.27120E-09 1.58308E-09 8.77691E-08 9.28620E-09 3.73605E-06 3.60716E-08
 2.45931E-07 3.88960E-13 4.25372E-13 2.57958E-10 4.99631E-09 2.22843E-11 1.12914E-13 7.10680E-14
 3.69624E-16 2.19029E-16 5.21511E-22 2.09673E-01 1.21760E-26 1.13489E-26 1.04104E-17 4.03767E-16
 1.48100E-16 2.12662E-25 3.29813E-04 4.80791E-11 5.86064E-07 8.96058E-06 1.09327E-08 5.08482E-09
 1.92508E-09 7.10991E-08 1.39289E-08 3.94812E-06 3.42706E-08 2.85917E-07 3.46469E-13 3.68860E-13
 2.25108E-10 4.87245E-09 2.25770E-11 1.00877E-13 6.65014E-14 3.38466E-16 1.85843E-16 3.58799E-22
 2.09659E-01 1.67394E-26 1.56121E-26 1.15069E-17 4.06176E-16 1.44129E-16 2.79888E-25 3.29671E-04
 6.43532E-11 6.39546E-07 8.71434E-06 1.30683E-08 5.98004E-09 2.29133E-09 5.85866E-08 2.08688E-08
 4.17561E-06 3.24202E-08 3.32258E-07 3.04515E-13 3.13705E-13 1.94455E-10 4.75760E-09 2.23105E-11
 9.02196E-14 6.03576E-14 2.99327E-16 1.56043E-16 2.36652E-22 2.09643E-01 2.25292E-26 2.13102E-26
 1.26598E-17 4.08307E-16 1.40335E-16 3.62208E-25 3.29513E-04 8.26114E-11 7.13637E-07 8.43806E-06
 1.54123E-08 6.90984E-09 2.65394E-09 4.83597E-08 3.16139E-08 4.42902E-06 3.04637E-08 3.87832E-07
 2.62039E-13 2.65947E-13 1.64942E-10 4.64518E-09 2.10366E-11 7.86252E-14 5.21975E-14 2.48693E-16
 1.25538E-16 1.43557E-22 2.09624E-01 2.95013E-26 2.86201E-26 1.37594E-17 4.10411E-16 1.36545E-16
 4.55004E-25 3.29327E-04 1.01964E-10 8.08250E-07 8.12909E-06 1.79073E-08 7.81841E-09 2.98102E-09
 4.07460E-08 4.76145E-08 4.70989E-06 2.84202E-08 4.54110E-07 2.19546E-13 2.18733E-13 1.36871E-10
 4.53230E-09 1.90902E-11 6.79511E-14 4.30463E-14 1.96183E-16 9.88245E-17 8.18476E-23 2.09603E-01
 3.74723E-26 3.79251E-26 1.50243E-17 4.12271E-16 1.32740E-16 5.62337E-25 3.29110E-04 1.21985E-10
 9.41718E-07 7.78697E-06 2.03143E-08 8.60397E-09 3.21871E-09 3.44430E-08 7.22388E-08 5.01681E-06
 2.63250E-08 5.32403E-07 1.78640E-13 1.78287E-13 1.10721E-10 4.41718E-09 1.62884E-11 5.64995E-14
 3.33876E-14 1.42970E-16 7.35301E-17 4.22352E-23 2.09577E-01 4.58028E-26 4.91477E-26 1.64669E-17
 4.13856E-16 1.28925E-16 6.78505E-25 3.28855E-04 1.41594E-10 1.11195E-06 7.41373E-06 2.26337E-08
 9.25212E-09 3.36056E-09 2.97939E-08 1.08417E-07 5.34590E-06 2.42163E-08 6.23906E-07 1.40788E-13
 1.39646E-13 8.69433E-11 4.29692E-09 1.33994E-11 4.65507E-14 2.46396E-14 9.89420E-17 5.36726E-17
 2.04805E-23 2.09548E-01 5.45232E-26 6.31434E-26 1.82655E-17 4.14960E-16 1.25108E-16 8.09642E-25
 3.28556E-04 1.59996E-10 1.34484E-06 7.01203E-06 2.46301E-08 9.69271E-09 3.38682E-09 2.55491E-08
 1.63691E-07 5.69047E-06 2.21308E-08 7.29944E-07 1.07371E-13 1.08015E-13 6.58658E-11 4.16928E-09
 1.03973E-11 3.67880E-14 1.72190E-14 6.37284E-17 3.68922E-17 9.03665E-24 2.09513E-01 6.36148E-26
 8.02620E-26 2.04199E-17 4.15557E-16 1.21294E-16 9.48663E-25 3.28207E-04 1.73568E-10 1.57932E-06
 6.58629E-06 2.78134E-08 1.04158E-08 3.35390E-09 2.15360E-08 2.47436E-07 6.03994E-06 2.01024E-08
 8.51644E-07 7.92516E-14 8.03888E-14 4.76538E-11 4.03080E-09 8.25303E-12 3.03713E-14 1.17651E-14
 4.11535E-17 2.57506E-17 3.91058E-24 2.09472E-01 7.59226E-26 1.08516E-25 2.22026E-17 4.16343E-16
 1.17491E-16 1.10933E-24 3.27802E-04 1.83844E-10 1.93749E-06 6.12971E-06 3.27837E-08 1.14759E-08
 3.13043E-09 1.77910E-08 4.09657E-07 6.37514E-06 1.81595E-08 9.91251E-07 5.53775E-14 5.73249E-14
 3.23008E-11 3.87900E-09 6.12692E-12 2.51426E-14 7.55563E-15 2.45557E-17 1.70110E-17 1.54295E-24
 2.09425E-01 8.64713E-26 1.55865E-25 2.37154E-17 4.17186E-16 1.13698E-16 1.30752E-24 3.27328E-04
 2.05224E-10 3.95974E-06 5.61598E-06 2.74331E-08 9.52942E-09 2.37772E-09 2.28638E-08 7.98988E-07
 6.65404E-06 1.63244E-08 1.15238E-06 3.50324E-14 3.23169E-14 1.99237E-11 3.71110E-09 2.64837E-12
 1.53974E-14 3.98118E-15 9.89875E-18 9.15075E-18 4.58202E-25 2.09368E-01 6.50647E-26 1.57063E-25
 3.43443E-17 4.08668E-16 1.09913E-16 1.57129E-24 3.26775E-04 2.18470E-10 1.57558E-05 5.05591E-06
 1.14208E-08 4.18477E-09 1.39348E-09 5.25687E-08 1.49799E-06 6.82393E-06 1.46131E-08 1.33289E-06
 2.09447E-14 1.78784E-14 1.11096E-11 3.52219E-09 4.60550E-13 4.93584E-15 1.83477E-15 2.71483E-18
 2.35541E-18 1.04605E-25 2.09296E-01 2.41003E-26 6.57853E-26 7.44970E-17 3.70340E-16 1.06145E-16
 1.49291E-24 3.26134E-04 1.81875E-10 5.20055E-05 4.50675E-06 5.29351E-09 1.74590E-09 7.67572E-10
 1.13001E-07 2.31115E-06 6.91449E-06 1.30346E-08 1.52345E-06 1.23551E-14 1.22080E-14 5.75956E-12
 3.31716E-09 8.25810E-14 1.62069E-15 8.34472E-16 7.09189E-19 4.60818E-19 2.30648E-26 2.09200E-01
 7.06265E-27 2.19325E-26 1.29407E-16 3.16958E-16 1.02411E-16 1.08118E-24 3.25402E-04 1.25765E-10
 1.31170E-04 3.99200E-06 3.01265E-09 8.07370E-10 4.16416E-10 1.91547E-07 3.13161E-06 6.96150E-06
 1.15940E-08 1.71996E-06 7.25787E-15 9.42524E-15 2.87671E-12 3.10616E-09 2.19399E-14 6.12669E-16
 3.79651E-16 1.85477E-19 1.12673E-19 5.08929E-27 2.09069E-01 1.88149E-27 7.60461E-27 1.81369E-16
 2.66221E-16 9.87075E-17 7.00835E-25 3.24567E-04 8.29444E-11 2.72633E-04 3.52001E-06 1.99413E-09
 4.13549E-10 2.24331E-10 2.86543E-07 3.90638E-06 6.98584E-06 1.02877E-08 1.92084E-06 4.25537E-15
 7.76512E-15 1.41672E-12 2.89613E-09 9.54667E-15 2.71188E-16 1.72537E-16 4.86226E-20 4.34181E-20
 1.12715E-27 2.08890E-01 4.77629E-28 2.90437E-27 2.25561E-16 2.22929E-16 9.50216E-17 4.46720E-25
 3.23613E-04 5.67999E-11 4.97634E-04 3.09504E-06 1.43696E-09 2.27118E-10 1.20511E-10 3.92980E-07
 4.60994E-06 6.99825E-06 9.11597E-09 2.12428E-06 2.49784E-15 6.67011E-15 7.03015E-13 2.69260E-09
 5.84139E-15 1.32122E-16 7.84944E-17 1.28037E-20 2.32259E-20 2.72562E-28 2.08650E-01 1.18433E-28
 1.19507E-27 2.61280E-16 1.87734E-16 9.13521E-17 2.84474E-25 3.22523E-04 3.89293E-11 8.30436E-04
 2.71537E-06 1.05788E-09 1.29568E-10 6.45685E-11 4.74130E-07 5.23624E-06 7.00420E-06 8.06881E-09
 2.33020E-06 1.46898E-15 5.90588E-15 3.57853E-13 2.49839E-09 4.11549E-15 6.34643E-17 3.58006E-17
 3.39631E-21 1.38081E-20 5.88939E-29 2.08332E-01 2.85609E-29 5.11997E-28 2.87841E-16 1.61273E-16
 8.76766E-17 1.79047E-25 3.21269E-04 2.77773E-11 1.29168E-03 2.37734E-06 7.98852E-10 7.70467E-11
 3.44300E-11 5.41730E-07 5.78639E-06 7.00656E-06 7.13406E-09 2.53886E-06 8.64184E-16 5.35817E-15
 1.88022E-13 2.31480E-09 3.08065E-15 3.10645E-17 1.63237E-17 9.04005E-22 8.69535E-21 1.35940E-29
 2.07923E-01 6.71290E-30 2.32200E-28 3.08287E-16 1.40442E-16 8.39694E-17 1.14251E-25 3.19821E-04
 2.07002E-11 1.89923E-03 2.07855E-06 6.11310E-10 4.74268E-11 1.82842E-11 5.91358E-07 6.26365E-06
 7.00697E-06 6.30471E-09 2.74956E-06 5.08894E-16 4.96081E-15 1.02598E-13 2.14360E-09 2.35763E-15
 1.54116E-17 7.44404E-18 2.41607E-22 5.58897E-21 3.05474E-30 2.07408E-01 1.54707E-30 1.11080E-28
 3.24436E-16 1.23346E-16 8.02225E-17 7.41934E-26 3.18146E-04 1.59915E-11 2.66911E-03 1.81609E-06
 4.70234E-10 3.00380E-11 9.68059E-12 6.20722E-07 6.67371E-06 7.00633E-06 5.57318E-09 2.96168E-06
 3.00271E-16 4.66937E-15 5.84078E-14 1.98618E-09 1.82041E-15 7.69204E-18 3.39881E-18 6.49322E-23
 3.62097E-21 6.82135E-31 2.06774E-01 3.51812E-31 5.56589E-29 3.37237E-16 1.08955E-16 7.64279E-17
 4.89937E-26 3.16210E-04 1.22609E-11 3.61790E-03 1.58628E-06 3.57496E-10 1.93764E-11 5.10633E-12
 6.11080E-07 7.02380E-06 7.00481E-06 4.92999E-09 3.17527E-06 1.77627E-16 4.45196E-15 3.48050E-14
 1.84340E-09 1.40133E-15 3.72841E-18 1.55563E-18 1.75884E-23 2.30460E-21 1.55932E-31 2.06008E-01
 7.83145E-32 2.88019E-29 3.46729E-16 9.71455E-17 7.25705E-17 3.26137E-26 3.13968E-04 9.32826E-12
 4.76046E-03 1.38515E-06 2.68935E-10 1.27044E-11 2.67747E-12 5.71291E-07 7.32082E-06 7.00192E-06
 4.36493E-09 3.39084E-06 1.05227E-16 4.28451E-15 2.16892E-14 1.71525E-09 1.07691E-15 1.76309E-18
 7.12935E-19 4.79964E-24 1.44876E-21 3.56531E-32 2.05096E-01 1.69172E-32 1.53463E-29 3.53607E-16
 8.71248E-17 6.86328E-17 2.19046E-26 3.11370E-04 7.49240E-12 6.10211E-03 1.21011E-06 2.04156E-10
 8.52924E-12 1.39833E-12 5.35722E-07 7.57053E-06 6.99755E-06 3.87150E-09 3.60778E-06 6.24319E-17
 4.14980E-15 1.41062E-14 1.60158E-09 8.38295E-16 8.58685E-19 3.26988E-19 1.31995E-24 9.36009E-22
 8.45489E-33 2.04030E-01 3.62821E-33 8.49925E-30 3.59080E-16 7.75928E-17 6.46171E-17 1.50114E-26
 3.08372E-04 6.06354E-12 7.64571E-03 1.05894E-06 1.53656E-10 5.80852E-12 7.28427E-13 4.84498E-07
 7.77878E-06 6.99167E-06 3.44411E-09 3.82537E-06 3.71529E-17 4.03596E-15 9.57990E-15 1.50274E-09
 6.54060E-16 4.15483E-19 1.50399E-19 3.67428E-25 6.02837E-22 1.93151E-33 2.02803E-01 7.78808E-34
 4.83443E-30 3.62757E-16 6.88512E-17 6.05296E-17 1.03901E-26 3.04925E-04 5.01110E-12 9.39046E-03
 9.29398E-07 1.15219E-10 4.01587E-12 3.78984E-13 4.29251E-07 7.95008E-06 6.98376E-06 3.07681E-09
 4.04327E-06 2.21877E-17 3.93409E-15 6.78854E-15 1.41836E-09 5.14029E-16 2.01865E-19 6.93782E-20
 1.03772E-25 3.91631E-22 4.66115E-34 2.01410E-01 1.70609E-34 2.82301E-30 3.64747E-16 6.07040E-17
 5.63777E-17 7.27277E-27 3.00979E-04 4.30187E-12 1.13263E-02 8.19909E-07 8.64658E-11 2.82202E-12
 1.97686E-13 3.77713E-07 8.08846E-06 6.97372E-06 2.76538E-09 4.26060E-06 1.33300E-17 3.83801E-15
 5.02458E-15 1.34817E-09 4.08812E-16 9.99317E-20 3.21420E-20 2.98792E-26 2.59429E-22 1.08708E-34
 1.99854E-01 3.95611E-35 1.69294E-30 3.65093E-16 5.30363E-17 5.21815E-17 5.15537E-27 2.96488E-04
 3.71867E-12 1.34409E-02 7.29103E-07 6.42736E-11 2.00336E-12 1.03766E-13 3.22155E-07 8.19700E-06
 6.96117E-06 2.50599E-09 4.47677E-06 8.10109E-18 3.74329E-15 3.89601E-15 1.29218E-09 3.26966E-16
 4.91972E-20 1.50016E-20 8.81932E-27 1.71915E-22 2.64555E-35 1.98136E-01 9.90746E-36 1.03401E-30
 3.63361E-16 4.62143E-17 4.79629E-17 3.67403E-27 2.91405E-04 3.28943E-12 1.57147E-02 6.55993E-07
 4.75663E-11 1.43899E-12 5.54745E-14 2.70107E-07 8.27704E-06 6.94531E-06 2.29572E-09 4.69114E-06
 5.04951E-18 3.64673E-15 3.17782E-15 1.25004E-09 2.64282E-16 2.43621E-20 7.11219E-21 2.68658E-27
 1.15292E-22 6.44218E-36 1.96265E-01 2.74554E-36 6.43721E-31 3.59488E-16 4.02539E-17 4.37537E-17
 2.63576E-27 2.85692E-04 2.94094E-12 1.81234E-02 6.00050E-07 3.49125E-11 1.04242E-12 3.14341E-14
 2.20347E-07 8.32879E-06 6.92515E-06 2.13275E-09 4.90299E-06 3.34661E-18 3.54610E-15 2.74078E-15
 1.22150E-09 2.15286E-16 1.20336E-20 3.54873E-21 8.61076E-28 7.75596E-23 1.70595E-36 1.94255E-01
 8.46136E-37 4.05820E-31 3.53249E-16 3.53503E-17 3.95926E-17 1.89565E-27 2.79318E-04 2.71181E-12
 2.06339E-02 5.61276E-07 2.56432E-11 7.62962E-13 2.13095E-14 1.77945E-07 8.35104E-06 6.89951E-06
 2.01655E-09 5.11124E-06 2.54685E-18 3.44002E-15 2.50948E-15 1.20604E-09 1.77510E-16 6.20263E-21
 2.12603E-21 3.36183E-28 5.29111E-23 5.48937E-37 1.92124E-01 3.20804E-37 2.59534E-31 3.44502E-16
 3.16509E-17 3.55298E-17 1.36810E-27 2.72273E-04 2.88150E+02 2.81650E+02 2.75150E+02 2.68660E+02
 2.62170E+02 2.55680E+02 2.49190E+02 2.42700E+02 2.36210E+02 2.29730E+02 2.23250E+02 2.16770E+02
 2.16650E+02 2.16650E+02 2.16650E+02 2.16650E+02 2.16650E+02 2.16650E+02 2.16650E+02 2.16650E+02
 2.16650E+02 2.17580E+02 2.18570E+02 2.19570E+02 2.20560E+02 2.21550E+02 2.22540E+02 2.23540E+02
 2.24530E+02 2.25520E+02 2.26510E+02 2.27500E+02 2.28490E+02 2.30970E+02 2.33740E+02 2.36510E+02
 2.39280E+02 2.42050E+02 2.44820E+02 2.47580E+02 2.50350E+02 2.53140E+02 2.55880E+02 2.58640E+02
 2.61400E+02 2.64160E+02 2.66960E+02 2.69680E+02 2.70650E+02 2.70650E+02 2.70650E+02 2.70650E+02
 2.69030E+02 2.66270E+02 2.63520E+02 2.60770E+02 2.58020E+02 2.55270E+02 2.52520E+02 2.49770E+02
 2.47020E+02 2.44270E+02 2.41530E+02 2.30780E+02 2.30500E+02 2.30500E+02 2.27000E+02 2.25100E+02
 2.22000E+02 2.19600E+02 2.16000E+02 2.14300E+02 2.12000E+02 2.10300E+02 2.08000E+02 2.06400E+02
 2.04000E+02 2.02500E+02 2.00000E+02 1.98600E+02 1.96000E+02 1.94700E+02 1.92000E+02 1.90800E+02
 1.89000E+02 1.86900E+02 1.86900E+02 1.86900E+02 1.86900E+02 1.86900E+02 1.88000E+02 1.90000E+02
 1.91000E+02 1.92500E+02 1.94000E+02 1.95000E+02 1.96500E+02 1.98000E+02 2.00000E+02 2.02000E+02
 1.00000E+05 1.00000E+05 1.00000E+05 1.00000E+05 1.00000E+05 1.00000E+05 1.00000E+05 1.00000E+05
 1.00000E+05 8.94400E+04 4.89900E+04 2.25800E+04 1.16600E+04 6.81200E+03 5.16500E+03 4.29000E+03
 3.95000E+03 3.90000E+03 3.99900E+03 4.34300E+03 4.84400E+03 5.43900E+03 6.18700E+03 7.03600E+03
 7.98400E+03 8.98600E+03 1.00300E+04 1.12800E+04 1.24900E+04 1.36300E+04 1.51300E+04 1.66900E+04
 1.81800E+04 1.99800E+04 2.19800E+04 2.44500E+04 2.74600E+04 3.04600E+04 3.39400E+04 3.79500E+04
 4.19500E+04 4.64300E+04 5.19100E+04 5.84000E+04 6.44500E+04 7.13600E+04 7.99000E+04 8.79100E+04
 9.68700E+04 1.06900E+05 1.17800E+05 1.31800E+05 1.48300E+05 1.65800E+05 1.83300E+05 2.01800E+05
 2.25600E+05 2.52200E+05 2.77200E+05 3.07000E+05 3.42100E+05 3.79500E+05 4.21900E+05 4.71700E+05
 5.17400E+05 5.67400E+05 6.22400E+05 6.82600E+05 7.48700E+05 8.21200E+05 9.00700E+05 9.87900E+05
 1.00000E+06 1.00000E+06 1.00000E+06 1.00000E+06 1.00000E+06 1.00000E+06 1.00000E+06 1.00000E+06
 1.00000E+06 1.00000E+06 1.00000E+06 1.00000E+06 1.00000E+06 1.00000E+06 1.00000E+06 1.00000E+06
 1.00000E+06 1.00000E+06 1.00000E+06 1.00000E+06 1.00000E+06 1.00000E+06 1.00000E+06 1.00000E+06
 1.00000E+06 1.00000E+06 1.00000E+06 1.00000E+06 2.40071E+19 2.17867E+19 1.97277E+19 1.78210E+19
 1.60592E+19 1.44345E+19 1.29393E+19 1.15659E+19 1.03074E+19 9.15651E+18 8.10697E+18 7.15238E+18
 6.11631E+18 5.22745E+18 4.46798E+18 3.81905E+18 3.26452E+18 2.79065E+18 2.38568E+18 2.03958E+18
 1.74378E+18 1.48507E+18 1.26536E+18 1.07894E+18 9.20729E+17 7.86316E+17 6.72030E+17 5.74759E+17
 4.91954E+17 4.21387E+17 3.61204E+17 3.09839E+17 2.65968E+17 2.27104E+17 1.94033E+17 1.66092E+17
 1.42439E+17 1.22376E+17 1.05325E+17 9.08105E+16 7.84253E+16 6.78365E+16 5.87839E+16 5.10155E+16
 4.43421E+16 3.86001E+16 3.36467E+16 2.93803E+16 2.58465E+16 2.28256E+16 2.01585E+16 1.78037E+16
 1.58134E+16 1.40925E+16 1.25438E+16 1.11521E+16 9.90286E+15 8.78274E+15 7.77952E+15 6.88203E+15
 6.08008E+15 5.36436E+15 4.72621E+15 4.29230E+15 3.71680E+15 3.21441E+15 2.81979E+15 2.45244E+15
 2.14118E+15 1.86045E+15 1.62239E+15 1.40006E+15 1.20999E+15 1.04137E+15 8.97571E+14 7.69985E+14
 6.62158E+14 5.66125E+14 4.85699E+14 4.13806E+14 3.54149E+14 3.00632E+14 2.56635E+14 2.17029E+14
 1.83884E+14 1.55790E+14 1.30401E+14 1.09156E+14 9.13787E+13 7.65016E+13 6.37095E+13 5.28874E+13
 4.42026E+13 3.68937E+13 3.08388E+13 2.58759E+13 2.16822E+13 1.81941E+13 1.52535E+13 1.28117E+13
 8.79497E-11 1.07051E-10 1.47352E-10 1.97916E-10 2.53375E-10 3.09573E-10 3.62966E-10 4.10860E-10
 4.51282E-10 4.84558E-10 5.16642E-10 5.54158E-10 5.78294E-10 5.80509E-10 5.60312E-10 5.23911E-10
 4.77453E-10 4.27624E-10 3.79117E-10 3.35136E-10 2.97385E-10 2.65481E-10 2.38695E-10 2.16316E-10
 1.97153E-10 1.79705E-10 1.63164E-10 1.47546E-10 1.32810E-10 1.18781E-10 1.05541E-10 9.32000E-11
 8.16762E-11 7.09757E-11 6.11702E-11 5.23208E-11 4.44838E-11 3.75880E-11 3.15438E-11 2.63083E-11
 2.17910E-11 1.79072E-11 1.46181E-11 1.18819E-11 9.60951E-12 7.72050E-12 6.17257E-12 4.90829E-12
 3.87587E-12 3.04090E-12 2.36419E-12 1.83255E-12 1.41855E-12 1.09473E-12 8.39439E-13 6.38509E-13
 4.83534E-13 3.64386E-13 2.71776E-13 2.00916E-13 1.47395E-13 1.07075E-13 7.70161E-14 5.50751E-14
 3.86630E-14 2.66077E-14 1.79760E-14 1.18851E-14 7.68350E-15 4.84365E-15 2.97312E-15 1.76934E-15
 9.72684E-16 4.83021E-16 2.12853E-16 8.13437E-17 2.62822E-17 6.94661E-18 1.44809E-18 2.26976E-19
 2.53706E-20 1.88542E-21 8.62784E-23 2.19233E-24 2.75795E-26 1.48996E-28 2.87255E-31 1.61930E-34
 2.09676E-38 4.67367E-43 1.26202E-48 2.71115E-55 2.94347E-63 9.12502E-73 4.19369E-84 1.30618E-97
 1.00000-100 1.00000-100 1.00000-100 1.00000-100 3.11496E+01 2.68538E+01 2.75383E+01 2.86907E+01
 3.00666E+01 3.07764E+01 3.04479E+01 2.95611E+01 2.78636E+01 2.57323E+01 2.36762E+01 2.15751E+01
 1.84762E+01 1.55796E+01 1.26650E+01 9.98168E+00 8.11282E+00 6.96666E+00 6.17995E+00 5.78445E+00
 5.60034E+00 5.47856E+00 5.54160E+00 5.76268E+00 5.34455E+00 4.10772E+00 3.14933E+00 2.40649E+00
 1.83207E+00 1.38932E+00 1.04797E+00 7.87070E-01 5.87204E-01 4.30071E-01 3.12315E-01 2.25488E-01
 1.62335E-01 1.16373E-01 8.29418E-02 5.88577E-02 4.15394E-02 2.91300E-02 2.04113E-02 1.43983E-02
 1.01214E-02 7.07873E-03 4.93321E-03 3.42538E-03 2.37954E-03 1.64871E-03 1.13204E-03 7.74976E-04
 5.32833E-04 3.66450E-04 2.50115E-04 1.69139E-04 1.13739E-04 7.60175E-05 5.02210E-05 3.28438E-05
 2.12869E-05 1.36436E-05 8.64603E-06 5.72525E-06 3.47111E-06 2.05762E-06 1.23211E-06 7.11022E-07
 4.04712E-07 2.22904E-07 1.20549E-07 6.20843E-08 2.96475E-08 1.27027E-08 4.84777E-09 1.59220E-09
 4.44343E-10 1.00546E-10 1.80609E-11 2.41385E-12 2.31924E-13 1.46294E-14 5.74173E-16 1.23288E-17
 1.31633E-19 6.04264E-22 9.69740E-25 4.55625E-28 4.91758E-32 9.13737E-37 2.03861E-42 3.58849E-49
 3.22575E-57 8.25092E-67 3.13307E-78 8.09143E-92 5.15021E-95 4.32167E-95 3.62320E-95 3.04318E-95
 0.00000E+00 0.00000E+00 0.00000E+00 0.00000E+00 0.00000E+00 0.00000E+00 0.00000E+00 0.00000E+00
 0.00000E+00 0.00000E+00 0.00000E+00 0.00000E+00 0.00000E+00 0.00000E+00 0.00000E+00 0.00000E+00
 0.00000E+00 0.00000E+00 0.00000E+00 0.00000E+00 0.00000E+00 0.00000E+00 0.00000E+00 0.00000E+00
 0.00000E+00 0.00000E+00 0.00000E+00 0.00000E+00 0.00000E+00 0.00000E+00 0.00000E+00 0.00000E+00
 0.00000E+00 0.00000E+00 0.00000E+00 0.00000E+00 0.00000E+00 0.00000E+00 0.00000E+00 0.00000E+00
 0.00000E+00 0.00000E+00 0.00000E+00 0.00000E+00 0.00000E+00 0.00000E+00 0.00000E+00 0.00000E+00
 0.00000E+00 0.00000E+00 0.00000E+00 0.00000E+00 0.00000E+00 0.00000E+00 0.00000E+00 0.00000E+00
 0.00000E+00 0.00000E+00 0.00000E+00 0.00000E+00 0.00000E+00 0.00000E+00 0.00000E+00 0.00000E+00
 0.00000E+00 0.00000E+00 0.00000E+00 0.00000E+00 0.00000E+00 0.00000E+00 0.00000E+00 0.00000E+00
 0.00000E+00 0.00000E+00 0.00000E+00 0.00000E+00 0.00000E+00 0.00000E+00 0.00000E+00 0.00000E+00
 0.00000E+00 0.00000E+00 0.00000E+00 0.00000E+00 0.00000E+00 0.00000E+00 0.00000E+00 0.00000E+00
 0.00000E+00 0.00000E+00 0.00000E+00 0.00000E+00 0.00000E+00 0.00000E+00 0.00000E+00 0.00000E+00
 0.00000E+00 0.00000E+00 0.00000E+00 0.00000E+00 0.00000E+00 0.00000E+00 0.00000E+00 0.00000E+00
 0.00000E+00 0.00000E+00 0.00000E+00 0.00000E+00 0.00000E+00 0.00000E+00 0.00000E+00 0.00000E+00
 0.00000E+00 0.00000E+00 0.00000E+00 0.00000E+00 0.00000E+00 0.00000E+00 0.00000E+00 0.00000E+00
 0.00000E+00 0.00000E+00 0.00000E+00 0.00000E+00 0.00000E+00 0.00000E+00 0.00000E+00 0.00000E+00
 0.00000E+00 0.00000E+00 0.00000E+00 0.00000E+00 0.00000E+00 0.00000E+00 0.00000E+00 0.00000E+00
 0.00000E+00 0.00000E+00 0.00000E+00 0.00000E+00 0.00000E+00 0.00000E+00 0.00000E+00 0.00000E+00
 0.00000E+00 0.00000E+00 0.00000E+00 0.00000E+00 0.00000E+00 0.00000E+00 0.00000E+00 0.00000E+00
 0.00000E+00 0.00000E+00 0.00000E+00 0.00000E+00 0.00000E+00 0.00000E+00 0.00000E+00 0.00000E+00
 0.00000E+00 0.00000E+00 0.00000E+00 0.00000E+00 0.00000E+00 0.00000E+00 0.00000E+00 0.00000E+00
 0.00000E+00 0.00000E+00 0.00000E+00 0.00000E+00 0.00000E+00 0.00000E+00 0.00000E+00 0.00000E+00
 0.00000E+00 0.00000E+00 0.00000E+00 0.00000E+00 0.00000E+00 0.00000E+00 0.00000E+00 0.00000E+00
 0.00000E+00 0.00000E+00 0.00000E+00 0.00000E+00 0.00000E+00 0.00000E+00 0.00000E+00 0.00000E+00
 0.00000E+00 0.00000E+00 0.00000E+00 0.00000E+00 0.00000E+00 0.00000E+00 0.00000E+00 0.00000E+00
 7.43311E-04 8.14347E-04 8.93957E-04 9.82037E-04 1.07292E-03 1.17261E-03 1.28704E-03 1.41495E-03
 1.56538E-03 1.74226E-03 1.95068E-03 2.21086E-03 2.50836E-03 2.84077E-03 3.23192E-03 3.69356E-03
 4.14885E-03 4.55687E-03 4.95123E-03 5.29478E-03 5.62520E-03 5.97758E-03 6.30937E-03 6.62687E-03
 7.26025E-03 8.48127E-03 9.90272E-03 1.15588E-02 1.34862E-02 1.57179E-02 1.83073E-02 2.13038E-02
 2.47756E-02 2.88528E-02 3.35669E-02 3.89942E-02 4.52083E-02 5.23332E-02 6.05108E-02 6.98648E-02
 8.05602E-02 9.27690E-02 1.06500E-01 1.21611E-01 1.38681E-01 1.57941E-01 1.79647E-01 2.04068E-01
 2.31296E-01 2.61892E-01 2.96526E-01 3.35728E-01 3.79762E-01 4.29633E-01 4.86710E-01 5.52121E-01
 6.27197E-01 7.13496E-01 8.12850E-01 9.27416E-01 1.05974E+00 1.21282E+00 1.39023E+00 1.58169E+00
 1.83063E+00 2.12029E+00 2.44081E+00 2.82429E+00 3.26589E+00 3.78906E+00 4.39593E+00 5.12724E+00
 5.98305E+00 6.99999E+00 8.19458E+00 9.61919E+00 1.12979E+01 1.33064E+01 1.56801E+01 1.85316E+01
 2.19125E+01 2.59944E+01 3.08432E+01 3.67262E+01 4.37565E+01 5.22091E+01 6.25130E+01 7.48096E+01
 8.95194E+01 1.07114E+02 1.28222E+02 1.53534E+02 1.83385E+02 2.18944E+02 2.61059E+02 3.11001E+02
 3.69418E+02 4.36785E+02 5.15621E+02 6.07681E+02 0.00000E+00 0.00000E+00 0.00000E+00 0.00000E+00
 0.00000E+00 0.00000E+00 0.00000E+00 0.00000E+00 0.00000E+00 0.00000E+00 0.00000E+00 0.00000E+00
 0.00000E+00 0.00000E+00 0.00000E+00 0.00000E+00 0.00000E+00 0.00000E+00 0.00000E+00 0.00000E+00
 0.00000E+00 0.00000E+00 0.00000E+00 0.00000E+00 0.00000E+00 0.00000E+00 0.00000E+00 0.00000E+00
 0.00000E+00 0.00000E+00 0.00000E+00 0.00000E+00 0.00000E+00 0.00000E+00 0.00000E+00 0.00000E+00
 0.00000E+00 0.00000E+00 0.00000E+00 0.00000E+00 0.00000E+00 0.00000E+00 0.00000E+00 0.00000E+00
 0.00000E+00 0.00000E+00 0.00000E+00 0.00000E+00 0.00000E+00 0.00000E+00 0.00000E+00 0.00000E+00
 0.00000E+00 0.00000E+00 0.00000E+00 0.00000E+00 0.00000E+00 0.00000E+00 0.00000E+00 0.00000E+00
 0.00000E+00 0.00000E+00 0.00000E+00 0.00000E+00 0.00000E+00 0.00000E+00 0.00000E+00 0.00000E+00
 0.00000E+00 0.00000E+00 0.00000E+00 0.00000E+00 0.00000E+00 0.00000E+00 0.00000E+00 0.00000E+00
 0.00000E+00 0.00000E+00 0.00000E+00 0.00000E+00 0.00000E+00 0.00000E+00 0.00000E+00 0.00000E+00
 0.00000E+00 0.00000E+00 0.00000E+00 0.00000E+00 0.00000E+00 0.00000E+00 0.00000E+00 0.00000E+00
 0.00000E+00 0.00000E+00 0.00000E+00 0.00000E+00 0.00000E+00 0.00000E+00 0.00000E+00 0.00000E+00
 0.00000E+00 0.00000E+00 0.00000E+00 0.00000E+00 0.00000E+00 0.00000E+00 0.00000E+00 0.00000E+00
 0.00000E+00 0.00000E+00 0.00000E+00 0.00000E+00 0.00000E+00 0.00000E+00 0.00000E+00 0.00000E+00
 0.00000E+00 0.00000E+00 0.00000E+00 0.00000E+00 0.00000E+00 0.00000E+00 0.00000E+00 0.00000E+00
 0.00000E+00 0.00000E+00 0.00000E+00 0.00000E+00 0.00000E+00 0.00000E+00 0.00000E+00 0.00000E+00
 0.00000E+00 0.00000E+00 0.00000E+00 0.00000E+00 0.00000E+00 0.00000E+00 0.00000E+00 0.00000E+00
 0.00000E+00 0.00000E+00 0.00000E+00 0.00000E+00 0.00000E+00 0.00000E+00 0.00000E+00 0.00000E+00
 0.00000E+00 0.00000E+00 0.00000E+00 0.00000E+00 0.00000E+00 0.00000E+00 0.00000E+00 0.00000E+00
 0.00000E+00 0.00000E+00 0.00000E+00 0.00000E+00 0.00000E+00 0.00000E+00 0.00000E+00 0.00000E+00
 0.00000E+00 0.00000E+00 0.00000E+00 0.00000E+00 0.00000E+00 0.00000E+00 0.00000E+00 0.00000E+00
 0.00000E+00 0.00000E+00 0.00000E+00 0.00000E+00 0.00000E+00 0.00000E+00 0.00000E+00 0.00000E+00
 0.00000E+00 0.00000E+00 0.00000E+00 0.00000E+00 0.00000E+00 0.00000E+00 0.00000E+00 0.00000E+00
 0.00000E+00 0.00000E+00 0.00000E+00 0.00000E+00 0.00000E+00 0.00000E+00 0.00000E+00 0.00000E+00
 0.00000E+00 0.00000E+00 0.00000E+00 0.00000E+00 1.88614E-05 1.88614E-05 1.88614E-05 1.88614E-05
 1.88614E-05 1.88614E-05 1.88614E-05 1.88614E-05 1.88614E-05 1.88614E-05 1.88614E-05 1.88614E-05
 1.88614E-05 1.88614E-05 1.88614E-05 1.88614E-05 1.85122E-05 1.77408E-05 1.67701E-05 1.55575E-05
 1.42898E-05 1.30593E-05 1.18348E-05 1.06603E-05 1.00000E-05 1.00000E-05 1.00000E-05 1.00000E-05
 1.00000E-05 1.00000E-05 1.00000E-05 1.00000E-05 1.00000E-05 1.00000E-05 1.00000E-05 1.00000E-05
 1.00000E-05 1.00000E-05 1.00000E-05 1.00000E-05 1.00000E-05 1.00000E-05 1.00000E-05 1.00000E-05
 1.00000E-05 1.00000E-05 1.00000E-05 1.00000E-05 1.00000E-05 1.00000E-05 1.00000E-05 1.00000E-05
 1.00000E-05 1.00000E-05 1.00000E-05 1.00000E-05 1.00000E-05 1.00000E-05 1.00000E-05 1.00000E-05
 1.00000E-05 1.00000E-05 1.00000E-05 1.00000E-05 1.00000E-05 1.00000E-05 1.00000E-05 1.00000E-05
 1.00000E-05 1.00000E-05 1.00000E-05 1.00000E-05 1.00000E-05 1.00000E-05 1.00000E-05 1.00000E-05
 1.00000E-05 1.00000E-05 1.00000E-05 1.00000E-05 1.00000E-05 1.00000E-05 1.00000E-05 1.00000E-05
 1.00000E-05 1.00000E-05 1.00000E-05 1.00000E-05 1.00000E-05 1.00000E-05 1.00000E-05 1.00000E-05
 1.00000E-05 1.00000E-05 1.00000E-05 1.00000E-05 1.00000E-05 1.00000E-05 1.00000E-05 1.00000E-05
 0.00000E+00 0.00000E+00 0.00000E+00 0.00000E+00 0.00000E+00 0.00000E+00 0.00000E+00 0.00000E+00
 0.00000E+00 0.00000E+00 0.00000E+00 0.00000E+00 0.00000E+00 0.00000E+00 0.00000E+00 0.00000E+00
 0.00000E+00 0.00000E+00 0.00000E+00 0.00000E+00 0.00000E+00 0.00000E+00 0.00000E+00 0.00000E+00
 0.00000E+00 0.00000E+00 0.00000E+00 0.00000E+00 0.00000E+00 0.00000E+00 0.00000E+00 0.00000E+00
 0.00000E+00 0.00000E+00 0.00000E+00 0.00000E+00 0.00000E+00 0.00000E+00 0.00000E+00 0.00000E+00
 0.00000E+00 0.00000E+00 0.00000E+00 0.00000E+00 0.00000E+00 0.00000E+00 0.00000E+00 0.00000E+00
 0.00000E+00 0.00000E+00 0.00000E+00 0.00000E+00 0.00000E+00 0.00000E+00 0.00000E+00 0.00000E+00
 0.00000E+00 0.00000E+00 0.00000E+00 0.00000E+00 0.00000E+00 0.00000E+00 0.00000E+00 0.00000E+00
 0.00000E+00 0.00000E+00 0.00000E+00 0.00000E+00 0.00000E+00 0.00000E+00 0.00000E+00 0.00000E+00
 0.00000E+00 0.00000E+00 0.00000E+00 0.00000E+00 0.00000E+00 0.00000E+00 0.00000E+00 0.00000E+00
 0.00000E+00 0.00000E+00 0.00000E+00 0.00000E+00 0.00000E+00 0.00000E+00 0.00000E+00 0.00000E+00
 0.00000E+00 0.00000E+00 0.00000E+00 0.00000E+00 0.00000E+00 0.00000E+00 0.00000E+00 0.00000E+00
 0.00000E+00 0.00000E+00 0.00000E+00 0.00000E+00 0.00000E+00 0.00000E+00 0.00000E+00 0.00000E+00
 0.00000E+00 0.00000E+00 0.00000E+00 0.00000E+00 0.00000E+00 0.00000E+00 0.00000E+00 0.00000E+00
 0.00000E+00 0.00000E+00 0.00000E+00 0.00000E+00 0.00000E+00 0.00000E+00 0.00000E+00 0.00000E+00
 0.00000E+00 0.00000E+00 0.00000E+00 0.00000E+00 0.00000E+00 0.00000E+00 0.00000E+00 0.00000E+00
 0.00000E+00 0.00000E+00 0.00000E+00 0.00000E+00 0.00000E+00 0.00000E+00 0.00000E+00 0.00000E+00
 0.00000E+00 0.00000E+00 0.00000E+00 0.00000E+00 0.00000E+00 0.00000E+00 0.00000E+00 0.00000E+00
 0.00000E+00 0.00000E+00 0.00000E+00 0.00000E+00 0.00000E+00 0.00000E+00 0.00000E+00 0.00000E+00
 0.00000E+00 0.00000E+00 0.00000E+00 0.00000E+00 0.00000E+00 0.00000E+00 0.00000E+00 0.00000E+00
 0.00000E+00 0.00000E+00 0.00000E+00 0.00000E+00 0.00000E+00 0.00000E+00 0.00000E+00 0.00000E+00
 0.00000E+00 0.00000E+00 0.00000E+00 0.00000E+00 0.00000E+00 0.00000E+00 0.00000E+00 0.00000E+00
 0.00000E+00 0.00000E+00 0.00000E+00 0.00000E+00 0.00000E+00 0.00000E+00 0.00000E+00 0.00000E+00
 0.00000E+00 0.00000E+00 0.00000E+00 0.00000E+00 0.00000E+00 0.00000E+00 0.00000E+00 0.00000E+00
 0.00000E+00 0.00000E+00 0.00000E+00 0.00000E+00 0.00000E+00 0.00000E+00 0.00000E+00 0.00000E+00
